3145729921
518338041
338642959
329102835
311792547
288968713
239107940
208678240
189417743
189094472
171618858
170807117
169010726
165700406
160101516
159569090
149550259
144615693
143649444
137295852
135926758
132628078
117251291
114393943
109120487
103030335
102689277
101387752
100987428
100674353
97559147
91154757
87850990
86811471
85981223
81848396
76655641
74324304
72327456
69581900
66935175
63590052
62466209
60622742
58861109
56491328
54430602
53370670
50736112
48530425
48224003
48162977
48138900
47319052
46141613
45437228
45407310
44741513
44495349
43987306
43329054
42023452
41355742
41223285
40647166
40054430
38083128
36257948
35120252
34950232
34842835
34544577
33286923
33253337
32676089
31923416
31851455
31584291
30907050
30756916
30653801
30494050
30287963
29488251
29259891
28556375
28066902
28033202
27839221
27804285
27762184
27632850
26796395
26458780
26237623
26187748
26012153
25850336
25763852
25631370
25409556
25210663
25193313
25185370
24705174
24496673
23887418
23686638
23451833
23148914
23131468
23064097
22727235
22603044
22587844
22414578
22349243
22306695
22014348
21858364
21767340
21550068
21547144
21138019
20825179
20757045
20613596
20415852
20241515
20031147
19840828
19623624
19263300
19210047
19206907
19178821
19040900
18872678
18701247
18626652
18341640
17715969
17601685
17510755
17310295
17206052
17205945
17097321
17021019
17008602
16820587
16582110
16569421
16295592
16211483
16197904
16118037
16006218
16001182
15949350
15907538
15879969
15735295
15592060
15498322
15265845
15213452
14982314
14586760
14505227
14309629
14250410
14221129
14217276
14212726
14180468
14021360
13659580
13636290
13620870
13598674
13493600
13411663
13292279
13228295
13212413
13182503
13165208
12843181
12665372
12655080
12398358
12348631
12308780
12269078
12261594
12228793
12218966
12115006
12073467
11963619
11950464
11842492
11713359
11437230
11418996
11406942
11393128
11245229
11242942
11159094
11088769
10364375
10345167
10300089
10155379
10142432
10120531
10076540
10045408
10044805
9965118
9827966
9814723
9789830
9770215
9750306
9675867
9659418
9641025
9630919
9614787
9438999
9411440
9345727
9342802
9316775
9311079
9258593
9254666
9240840
9203612
9169426
9055225
9033395
9023799
8870733
8868509
8855038
8823087
8779951
8770014
8765329
8741335
8635412
8618630
8604687
8599191
8586714
8546602
8532597
8498483
8446776
8406992
8333774
8316032
8295635
8262100
8256341
8252452
8224265
8185330
8160638
8129303
8097264
8092488
8053311
7936879
7881130
7851902
7835406
7821465
7737804
7686344
7641814
7630065
7591004
7569626
7563897
7537114
7484644
7462078
7412385
7412032
7378788
7349788
7280250
7272767
7211677
7200670
7143449
7099629
7059334
7045011
7044754
7033042
7017308
6985213
6976648
6947978
6945378
6912900
6909056
6897840
6874108
6849165
6848005
6813564
6795303
6767167
6763561
6710300
6687813
6645330
6636091
6602803
6591226
6582190
6575154
6563052
6532166
6454522
6416082
6412599
6392413
6376104
6362316
6348121
6341313
6339720
6310767
6295034
6283014
6243438
6237905
6208272
6199272
6179586
6148187
6137116
6131510
6088644
6077964
6063383
6048584
6041336
6000792
5979796
5964216
5947156
5946033
5931778
5919831
5917763
5886978
5860978
5830023
5827680
5782162
5778756
5767647
5762431
5757189
5671599
5653605
5588306
5572668
5553592
5517561
5500011
5491986
5487360
5455005
5433532
5383649
5349350
5320335
5307990
5306528
5303644
5301892
5271258
5238447
5223957
5197796
5197470
5195995
5188315
5172727
5160724
5149002
5136547
5114253
5111420
5072326
5070471
5068221
5015738
5006916
5005136
4988032
4960457
4949802
4938057
4917032
4906425
4844355
4831685
4828173
4806183
4801120
4800817
4773704
4767750
4760574
4759252
4751416
4744956
4718961
4702103
4683702
4614309
4607585
4606131
4605980
4605612
4598514
4552630
4530878
4516471
4512062
4500927
4483386
4481536
4480833
4478140
4474611
4469802
4465970
4439952
4425585
4423465
4412950
4412568
4409930
4402722
4398542
4395294
4386692
4371069
4367404
4342869
4340828
4327258
4326461
4325916
4322241
4319224
4301623
4295058
4286776
4282426
4280054
4278083
4273061
4270890
4269444
4238932
4236996
4236826
4229785
4209237
4203590
4193717
4186590
4182964
4173626
4163229
4162572
4151498
4149674
4124931
4116168
4099426
4090834
4083205
4071342
4069521
4067146
4050175
4047678
4044670
4033737
4023528
4022619
4014024
3981278
3971764
3959072
3952938
3950476
3944056
3913375
3901489
3896012
3883327
3878764
3878674
3834670
3831034
3822536
3804033
3774780
3761828
3757806
3749256
3744958
3734901
3732262
3727335
3720188
3706192
3701704
3695204
3690154
3680151
3676629
3673096
3666466
3650000
3637304
3637021
3590140
3559894
3554772
3540465
3514905
3495334
3489654
3483981
3479778
3477145
3470728
3464169
3449628
3449096
3447616
3444178
3437272
3437032
3432676
3430554
3428727
3426297
3412706
3406894
3397124
3397098
3385440
3359816
3351864
3333394
3303140
3299950
3276019
3272988
3265519
3264096
3252313
3246298
3236066
3234238
3232536
3226740
3224390
3221994
3210858
3205701
3180414
3175825
3174558
3165897
3156814
3156384
3148354
3140806
3128630
3122374
3119340
3115881
3096945
3096105
3086760
3085161
3078608
3052362
3039294
3039002
3037640
3036961
3027690
3025822
3023494
2994396
2989960
2966326
2956524
2950544
2944448
2941695
2935158
2933768
2931849
2930096
2920225
2915192
2914182
2902763
2888692
2887798
2884251
2883891
2883099
2879716
2876744
2876438
2864196
2854208
2853869
2843314
2841775
2840844
2838630
2838443
2831220
2821713
2819906
2817876
2816172
2814644
2807038
2806470
2794005
2793415
2793193
2792718
2788167
2788152
2787630
2781175
2772083
2767785
2758004
2755866
2755572
2754387
2750925
2743059
2732098
2729163
2725177
2721734
2717037
2714827
2710458
2703030
2700882
2695382
2690689
2688087
2683220
2682505
2681998
2679206
2678364
2678229
2668792
2667870
2659095
2654842
2650119
2648742
2647233
2646732
2640132
2632648
2625485
2623753
2622626
2618890
2615110
2613183
2613007
2606886
2604888
2598647
2597953
2596936
2595146
2586146
2577121
2576734
2573595
2565284
2554846
2552839
2539352
2536534
2520624
2519587
2516733
2513306
2513059
2512356
2508763
2489691
2489655
2481816
2478044
2474240
2473461
2471304
2470205
2469788
2458880
2456699
2456209
2455383
2454066
2451782
2450752
2450076
2448717
2448354
2434434
2427957
2427573
2422281
2419744
2401134
2396162
2387876
2378666
2377720
2373291
2369278
2367423
2366729
2364185
2363629
2357718
2346306
2333545
2327262
2320160
2319764
2309698
2304980
2304738
2295597
2285720
2276849
2276352
2272037
2271975
2271934
2270126
2264454
2262360
2261669
2255788
2249586
2248608
2245626
2243568
2241479
2228954
2228351
2226100
2224367
2220813
2215826
2215515
2210347
2207824
2206895
2203895
2203566
2203355
2203154
2203140
2193680
2193302
2192420
2190435
2187738
2178576
2175755
2174571
2172830
2171352
2168691
2165496
2164049
2154438
2152605
2150499
2145817
2142858
2136950
2136348
2136336
2132292
2127722
2127440
2127372
2122744
2122323
2120497
2120205
2118739
2117472
2110707
2106666
2102641
2101777
2096418
2093076
2088918
2088124
2086686
2085793
2084634
2079256
2077963
2077910
2074366
2065725
2065570
2062331
2058437
2054220
2052880
2051593
2048740
2048100
2043904
2043396
2034741
2033478
2028438
2027403
2024880
2011856
2010239
2008974
2007864
2006733
1998832
1994853
1994036
1992050
1989834
1988996
1987954
1979958
1979666
1979185
1976730
1975559
1973982
1969751
1966862
1965488
1961454
1956783
1953674
1950577
1945410
1944170
1943895
1943859
1942964
1939619
1938262
1937858
1927157
1926555
1923948
1917370
1913404
1909341
1907488
1907223
1904080
1902932
1891761
1890516
1886618
1884813
1882250
1881698
1876333
1873236
1872264
1871942
1871407
1871340
1870166
1857538
1856650
1855668
1850764
1850680
1846226
1842891
1841484
1836370
1834026
1831509
1828808
1828477
1818800
1816874
1816522
1814887
1812854
1809375
1809032
1808868
1807990
1807001
1803904
1801085
1798783
1798383
1798132
1795876
1793754
1790220
1789554
1787918
1785874
1784276
1783480
1778692
1777435
1775001
1773825
1771683
1768818
1766075
1758066
1757323
1755690
1755638
1752994
1752912
1748395
1747578
1746636
1745940
1741058
1733768
1730396
1730088
1728878
1727709
1720796
1720058
1716765
1711505
1700589
1698682
1697682
1695403
1694578
1693422
1691808
1691768
1690404
1689554
1689176
1687089
1685546
1682448
1680369
1678707
1678654
1676966
1676245
1675048
1672480
1670714
1668589
1667430
1667052
1665219
1664534
1663913
1662592
1654124
1652978
1649828
1649645
1647946
1647762
1645522
1644106
1643759
1638134
1633067
1631665
1629410
1628906
1625288
1624306
1624245
1623332
1613310
1611317
1609077
1608090
1605376
1603159
1601853
1600728
1600113
1599002
1597212
1589667
1589286
1586544
1586502
1583582
1582773
1582168
1580082
1577609
1572930
1569012
1567874
1567057
1564485
1560414
1559712
1554915
1553199
1552875
1552565
1550731
1548180
1547733
1546846
1543225
1542010
1541163
1540684
1538872
1538516
1535051
1530542
1529376
1528528
1527993
1527549
1526422
1524188
1524000
1523826
1522456
1522324
1520847
1519290
1518680
1514294
1510618
1507778
1505364
1501949
1501173
1499740
1494320
1493292
1493179
1488214
1487590
1487118
1485384
1484813
1482376
1482196
1477464
1469157
1466254
1462660
1461774
1460644
1460244
1460072
1456503
1449626
1446996
1445116
1441739
1440690
1440148
1439448
1437948
1436282
1434548
1434255
1433835
1431060
1429614
1427741
1423488
1420358
1418433
1416475
1416128
1411916
1411607
1409096
1408900
1408492
1405065
1404886
1403460
1403393
1403031
1396894
1393158
1392510
1389725
1389378
1388527
1387579
1386626
1385628
1383936
1380879
1380060
1379450
1373280
1372410
1369482
1368832
1366676
1365836
1364506
1362268
1361638
1360499
1360377
1358204
1357822
1355747
1351797
1349706
1347628
1347040
1346815
1346659
1345688
1345105
1345034
1342476
1339249
1337336
1335460
1334798
1333044
1332267
1330989
1330678
1329526
1326215
1319135
1316762
1316607
1315771
1313177
1312522
1309462
1308826
1308376
1308287
1305642
1301448
1297320
1296549
1291859
1290059
1288906
1286960
1286741
1286240
1283696
1283056
1281631
1281082
1279368
1278374
1275363
1271621
1269465
1269282
1268173
1267602
1265860
1264507
1263042
1262213
1262175
1259746
1259592
1257846
1253974
1253824
1253620
1250388
1249634
1249448
1246840
1243376
1242199
1240262
1239837
1238142
1238004
1238002
1236838
1236588
1233704
1233016
1229643
1229544
1228818
1227104
1226260
1222774
1222277
1221382
1220388
1219659
1218975
1217876
1215513
1213583
1211674
1210865
1210258
1206034
1204587
1204224
1203573
1201596
1199342
1197117
1197078
1194556
1194170
1193749
1192894
1192148
1191040
1190811
1190532
1189894
1186491
1184573
1183521
1181622
1180222
1179672
1179090
1178590
1177316
1176917
1175766
1174734
1174606
1174112
1170634
1169890
1167643
1165236
1162106
1161886
1161699
1161457
1160895
1159842
1157229
1156540
1155975
1155676
1154045
1152405
1152049
1151509
1150512
1148466
1146716
1146691
1146501
1146057
1145696
1144126
1143578
1142804
1142504
1140916
1139878
1139380
1137700
1137158
1136712
1136374
1134369
1133616
1133111
1132238
1131223
1128688
1126870
1126589
1125608
1125490
1124722
1123887
1122714
1122687
1122256
1122224
1121445
1120508
1119774
1118307
1116278
1113258
1112242
1111336
1111298
1110833
1110072
1109235
1107598
1106804
1106197
1104425
1102811
1102512
1102380
1102084
1099455
1099406
1099364
1099264
1098965
1098172
1097184
1096249
1095859
1095396
1094669
1092286
1091898
1090960
1090092
1088664
1088210
1088115
1087935
1087905
1086700
1085818
1085035
1083315
1082528
1081872
1081794
1079732
1079524
1078808
1078788
1073243
1072710
1072524
1072185
1071876
1071220
1070700
1069560
1068707
1067407
1065435
1065043
1065002
1064462
1064447
1064325
1064238
1062192
1061352
1060032
1058849
1054776
1051728
1051500
1050344
1049627
1048753
1047959
1046862
1046116
1044359
1044133
1041618
1041509
1041080
1041038
1040066
1038220
1038042
1036237
1034648
1034286
1033514
1032422
1032080
1029877
1029699
1029021
1028804
1028564
1028263
1025933
1025168
1025164
1025102
1025088
1023176
1020114
1019832
1019824
1019442
1019315
1019178
1018824
1018282
1016171
1016082
1014442
1013628
1013469
1012806
1012248
1012033
1011799
1010797
1008424
1007442
1006874
1006691
1006256
1005781
1003546
1000462
1000114
999636
998888
995825
994747
994456
993714
993569
993050
992814
992527
991060
990714
989349
988339
987073
986674
986533
985857
983466
981246
978417
977202
976566
975982
975166
974883
973270
973229
972185
969548
969289
968810
967668
967556
967476
967333
966771
965463
963706
963302
962324
960620
959432
958470
957816
956896
956850
956650
955256
954115
954105
953904
953832
952624
951234
950614
950022
949843
949184
948376
947790
946737
946704
946301
945561
944732
944016
942827
942589
940992
940194
939648
939575
939442
939238
939012
938390
938290
937105
935906
933528
933365
932993
931979
930130
929879
929553
929481
929286
929218
927609
927561
926043
924480
924404
923872
923776
923564
922579
920810
919656
918835
918347
918256
918252
916648
916001
914805
914677
912434
912344
911188
910849
910653
910452
908800
907236
905235
905081
904716
904712
904090
902554
901794
901604
901472
901254
901076
900535
900240
897937
897506
897457
896407
896375
895742
895574
893227
892953
892931
892719
891387
890962
890216
889035
887946
887198
886696
886636
885955
882625
882550
881382
878966
877986
877883
876766
876252
874655
873636
872222
871076
871060
870168
869880
869426
869354
868281
867693
866718
866037
865812
865442
864275
863571
860820
860398
859900
859500
859041
859017
858600
858249
858184
858083
857882
857042
856998
856682
856122
856045
855818
855552
853853
853252
852569
851998
851822
850971
849840
849310
845578
845569
844002
840975
840572
840560
840336
840282
838470
838283
838264
838167
836619
836096
835434
835399
835350
835218
834606
834274
834248
833431
833322
833318
833012
832842
832646
831462
831129
830634
830473
829745
827355
825403
824050
823884
823612
822841
822526
822095
820890
820778
819610
818789
818563
816380
816088
816085
816001
815498
815128
815047
812708
812288
812175
811982
811955
811400
810669
810224
809906
808806
808637
808524
807568
807496
806654
806005
805707
805702
805184
805090
804659
804219
803906
803870
803467
802782
802230
801129
801048
800805
799844
799686
799143
798460
798260
797419
797311
796952
796401
796039
795176
794822
793994
793286
792682
791838
791776
791296
791200
790572
790455
789978
789750
788671
788615
787476
787255
787249
786512
786087
784344
784256
783308
783254
783043
781859
781551
781548
781512
781320
781034
780765
780483
779450
778843
778462
777891
777543
777274
777186
776730
775788
774329
774197
774187
773659
773632
773460
773368
773102
773070
772848
772723
772655
769198
768562
767706
766480
766171
765485
764870
764832
764538
764444
762611
762312
759289
759181
757725
757592
756588
756163
755789
755406
754216
752408
750394
750392
750212
749498
749454
749139
748960
748533
748109
747987
747800
747798
747694
747672
747420
745906
745586
744618
744400
743590
742874
740747
740702
740596
739640
738906
738699
738492
737230
736873
736784
736602
736433
736427
736424
735784
735757
734868
734303
733308
733250
732871
732702
732626
731900
729132
728948
728814
728332
727621
727379
727338
726596
726018
725940
725406
724707
724644
724104
723608
723309
722684
722391
721494
721470
721422
721022
720714
720615
720183
719989
719120
718958
718647
718080
717739
717428
717402
717255
717145
716846
716566
716491
716402
715795
714408
714002
711628
711378
710603
710425
709789
709002
708867
708276
707998
707312
707192
706900
705024
704726
704637
704614
703793
703667
703240
702816
702616
702587
702261
701681
700804
700786
700280
700252
699975
699728
699411
699116
698622
698505
698347
697770
697402
696679
696354
696270
696243
696025
695057
695032
694823
693440
693105
693014
692893
692668
691894
691032
690960
690730
689235
688861
686649
686529
686121
685901
685548
685261
684525
684020
683889
682833
682695
682445
682384
681744
681664
681214
679236
678803
678635
677726
677622
676986
676590
675790
674486
673892
673122
672843
672433
672326
671872
671269
671072
670926
670500
669948
669715
669573
668529
668511
667818
667515
667309
667120
666814
666609
666284
666060
665724
665562
665368
664178
663446
663244
662214
661170
661134
661088
660069
659923
659208
658951
658893
658525
658473
657818
657775
657536
657287
656674
656631
656441
656430
655472
655324
654593
654580
654404
654264
654010
653947
653447
653439
653294
652428
651429
651306
651082
650910
650887
650864
650236
649473
649460
648930
648233
647673
646956
646636
645837
645415
644717
644081
644006
643852
643268
643173
642830
642458
642447
640589
640584
640002
639716
639616
639441
639428
639148
638956
638563
638459
638286
638162
637770
636556
636062
635894
635862
635781
635465
635018
634550
634191
633638
633030
632822
632709
631620
631574
631227
630354
630333
630292
629174
628908
628599
627415
627256
627134
626928
626908
626787
626622
626328
625994
625504
625472
625135
625005
624259
624092
623632
623559
623552
622120
621911
621417
621213
621107
620244
620229
619658
619503
618964
618958
618864
618476
618434
618057
617181
617162
617138
617068
616979
616492
615990
614907
614842
614799
613843
613744
613535
613052
612106
611726
611425
611098
611014
610678
610588
609995
609616
609612
609560
609503
609385
609021
608697
607405
607283
606610
606595
606566
606429
605903
605846
605405
605061
604961
604224
604084
603786
603284
603180
602953
602616
602206
601990
601905
601596
601516
601224
600685
600654
600016
599796
598918
598608
598049
597990
597790
597418
597297
597091
596982
596982
596596
596454
596345
595802
595628
595605
595353
594730
594686
594525
594297
594240
593751
593630
593030
592251
592163
591838
591673
591626
589980
589574
588879
588111
588096
587812
587700
587505
587329
586534
586524
585690
585609
585209
584215
583394
582931
582322
582300
582236
582012
581730
581658
581615
581412
581208
580721
580174
580084
580076
579812
579311
579120
578609
578512
578328
578182
577760
577586
577548
576988
575925
575918
575864
575820
575748
575564
575544
575015
573715
572696
572301
572274
572095
572070
572015
571754
571078
570460
569732
569139
567899
567291
567156
566826
566784
566671
565852
565752
565549
565509
565425
565252
563968
563900
563733
563464
562999
561554
561341
560844
559560
558778
558357
558095
557864
557777
557403
557180
556824
556545
555466
555171
554920
554888
553965
553878
553786
553328
553294
553182
553017
552805
552790
552496
552428
551908
551695
551494
551438
551434
551287
551180
551032
550996
550907
550706
550464
550277
550215
550107
550106
549668
549379
548309
548284
548142
547310
547242
547213
547103
546520
546452
546166
546014
545268
544326
544010
542795
542496
542370
542057
541131
541114
540986
540743
540673
540554
540445
540009
539827
539523
539439
538872
538522
538237
537876
537399
536577
535927
535849
535639
535356
535353
535254
535254
535240
535201
534649
534451
534435
534308
534305
534141
534093
533980
533897
533315
533208
533057
532883
532640
532199
531916
531220
530393
529684
529190
529170
529115
529044
528890
528738
528284
527991
526971
526962
526903
526722
526701
526516
526315
526257
526188
525963
525797
525710
525336
525318
524960
524447
523901
523810
523797
523400
522654
522606
522539
522232
521847
521108
520743
520256
520218
519576
519448
519421
519324
519219
518918
518914
518892
518881
518770
518704
518386
517900
517670
517620
517012
516857
516828
516464
516397
516175
515959
515628
515281
514750
514665
514594
514547
514404
514198
514093
512941
512934
512808
512036
511963
510956
510896
510831
510430
510036
510026
509668
509665
509564
509178
509157
509128
508439
507946
507483
507352
507300
506410
506364
506352
506276
506256
506189
505936
505640
505602
505582
505173
505034
504974
504140
503858
503716
503160
502820
502232
502179
501896
501818
501454
501312
501236
499446
499147
498735
498570
498329
498228
498007
497711
497467
497394
497357
496882
496407
496036
495672
495505
495196
494840
494772
494745
494431
494044
493970
493468
492987
492520
492489
492265
491902
491778
491765
491311
491188
491034
490312
490200
490151
490024
489390
489257
488715
488593
488395
487669
487305
486746
486530
486343
486125
486058
485032
484747
484548
484423
484404
484174
484157
484001
483947
483932
483918
483588
483196
483134
483027
483010
482640
482638
482544
482536
482536
481635
481474
481433
480440
480173
479813
479773
479712
479633
479028
478880
478466
477988
477768
477162
476956
476870
476611
476499
476462
476284
475846
475198
475130
475036
474659
474632
474366
474230
473937
473810
473504
473293
472932
472654
472550
472437
472054
471908
471631
471630
471462
471416
471149
470907
470867
469692
469551
468735
468706
468396
467532
467512
467412
467410
467259
467236
467019
466894
466465
466387
466305
466293
465812
465732
465372
465250
464875
464790
464778
463902
463446
463396
463306
462951
462924
461978
461651
461564
461513
461328
461166
460900
460886
460710
459977
459872
459854
459570
459104
458311
458230
458166
458084
458008
457737
457696
457472
457348
457312
457237
457180
456436
456335
456073
455516
455172
455118
455084
454938
454925
454258
454117
453942
453774
453536
453464
453059
453035
453004
452889
452498
452489
452401
452166
451960
451810
451563
451494
451254
451144
449969
449818
449270
449175
448362
448005
447917
447510
447471
447421
447184
446961
446960
446378
446255
445734
445669
445559
445386
445185
444994
444801
444666
444549
444283
444274
443953
443907
443800
443774
443744
443664
443608
443497
443101
442972
442972
442378
442296
442257
442192
441963
441648
441288
441138
440978
440641
440621
440593
440305
440244
439665
439539
439395
439026
438992
438884
438801
438765
438739
438340
438078
438022
438002
437925
437668
437636
437372
437344
437330
437219
437184
437084
436661
436636
436605
435608
435439
435295
435132
434388
434334
433860
433758
433651
433476
433184
433118
433048
432658
432544
432324
432162
431839
431754
431507
430950
430840
430790
430552
429888
429648
429130
429030
428742
428268
428106
427982
427903
427880
427734
427678
427415
427308
427094
426848
426838
426471
426430
426281
426223
425994
425950
425863
425842
425826
425622
425571
425178
425082
424782
424742
424676
424253
424140
423966
423153
422967
422620
422490
422475
422254
422144
421734
421556
421530
421528
421524
421126
421021
420986
420976
420906
420830
420384
420220
419896
419855
419832
419777
419280
419172
419146
418958
418948
418876
418847
418297
418160
417909
417906
417696
417464
417362
417164
417017
416977
416922
416661
416624
416233
415686
415467
414872
414756
414676
414603
414516
414513
414365
414127
413493
413467
413359
413178
413037
412941
412901
412770
412648
412591
412067
411762
411691
411683
411656
411338
411210
410991
410989
410906
410568
410226
409719
409562
409115
409104
408808
408424
408368
408280
408220
408063
407901
407276
407187
407083
406994
406818
406389
406239
406018
405435
405352
405336
405288
405264
405093
404914
404856
404752
404434
404136
404092
404070
404056
403936
403903
403897
403509
403458
402992
402635
402480
402366
402305
402180
401721
401683
401681
401464
401271
401250
400662
400631
400556
400512
400374
400253
400242
400199
400134
400096
399894
399822
399686
399609
399492
399334
399205
399159
399010
398991
398463
398460
397549
397388
397004
396878
396832
396716
396546
395917
395805
395586
395584
395459
395354
395069
394138
394122
394014
393852
393841
393716
393152
393034
392954
392942
392280
392273
392105
391694
391577
391350
391177
391040
390916
390720
390674
390203
390084
389951
389941
389574
389457
389359
389170
389005
388735
388704
388690
388642
388637
388530
387768
387536
387410
387272
387156
387097
386961
386954
386466
386440
385989
385904
385497
385408
385263
385115
384824
384493
384355
384226
384207
384117
384070
383560
383446
383299
383281
383280
383162
383098
382972
382940
382910
382774
382487
382394
382332
381868
381660
381654
381548
381532
381531
381281
381090
380879
380784
380653
380619
380180
380024
379800
379747
379532
379495
379328
379312
378595
378539
378485
378236
377896
377555
377521
377406
377341
377287
377152
377044
376946
376800
376758
376756
376607
376543
376366
375952
375929
375875
375694
375538
375498
375352
375268
375018
374978
374942
374846
374664
374549
374531
374318
373780
373776
373558
373448
373316
373268
373090
373066
372809
372755
372507
372423
372356
372079
372039
371984
371848
371815
371749
371701
371645
371012
370857
370304
370014
369365
369356
369028
368882
368827
368509
368426
368127
367863
367622
367514
367060
367008
366900
366432
366418
366270
366182
366111
365874
365707
365677
365464
365450
365447
365368
364878
364371
364228
364054
363736
363424
363422
363404
362961
362796
362629
362422
362385
362126
362062
362019
361878
361544
361248
361196
361071
361032
360974
360900
360589
360441
360105
360057
359837
359298
359103
359088
359042
358931
358828
358796
358727
358455
358355
358298
358203
357952
357915
357788
357660
357640
357542
357416
357372
357316
357084
357042
356873
356054
355590
355476
355362
355358
355334
355192
355104
355092
354876
354864
354723
354604
354162
354126
354124
353982
353968
353706
353706
353703
353684
353640
353253
353172
353058
353016
352971
352956
352113
352107
352063
351904
351820
351652
351646
351629
351615
351600
351355
351352
351196
350981
350826
350778
350771
350589
350521
350402
350190
349575
349332
349329
349267
349222
349148
348981
348890
348718
348444
348224
348078
347958
347907
347608
347471
347018
346976
346918
346746
346659
346500
346378
346130
346129
346129
346055
345997
345841
345696
345580
344524
344502
344472
344290
344273
344194
344048
343802
343733
343731
343679
343391
343302
343208
343173
342978
342760
342603
342552
342544
342453
342409
342305
342151
342069
341952
341816
341700
341660
341560
341541
341344
341207
341028
340992
340784
340691
340690
340477
340396
339970
339893
339524
339514
339323
339238
339058
339033
338174
338020
337800
337718
337070
337068
336953
336904
336622
336593
336522
336508
336237
335907
335718
335546
335535
335384
335227
335168
334917
334734
334727
334692
334653
334587
334513
334436
334350
334264
334206
334110
334050
333822
333806
333730
333145
332943
332736
332611
332364
332352
332316
332126
331848
331838
331687
331494
331476
331190
331157
330888
330874
330523
330420
329990
329986
329932
329782
329698
329691
329620
329560
329534
329520
329428
329142
329108
328991
328763
328574
328330
328278
328237
328161
327897
327831
327804
327773
327721
327687
327672
327571
327558
327466
327410
327302
327266
326970
326670
326590
326494
326466
326385
326240
326216
326124
326050
325981
325731
325635
325560
325506
325342
325073
324647
324519
324504
324391
324257
324226
324165
324109
324064
323932
323192
322864
322827
322736
322666
322370
321730
321617
321610
321597
321294
321246
321107
321018
321008
320958
320956
320895
320814
320803
320788
320625
320474
320334
320274
320013
319729
319530
319515
319423
318997
318957
318949
318700
318596
318514
318488
318250
318196
318172
318152
318090
318088
317961
317843
317704
317588
317378
317170
317110
317057
317036
317012
316988
316972
316850
316564
316220
315876
315746
315739
315663
315251
314923
314912
314844
314837
314688
314550
314480
314463
314380
314285
314248
314186
313876
313338
313086
312961
312644
312627
312435
311968
311872
311822
311391
311379
311376
311194
310932
310670
310661
310602
310526
310442
310427
310357
310320
309969
309582
309557
309400
309143
309134
309108
309088
309064
308874
308523
308512
308456
308427
308395
308365
308173
308113
308105
308089
307905
307632
307506
307448
307264
307030
306894
306694
306692
306674
306644
306341
306194
305959
305940
305862
305817
305637
305604
305512
305236
305001
304958
304916
304681
304475
304388
304385
304375
304348
304290
304158
303897
303848
303695
303180
303148
303096
302973
302942
302471
302240
302187
302090
302064
301928
301882
301675
301583
301576
301331
301324
301262
301240
301000
300963
300871
300851
300794
300789
300779
300744
300522
300393
300355
300064
299766
299166
299065
298999
298965
298955
298912
298876
298756
298497
298492
298462
298350
298112
298042
297972
297888
297542
297344
297298
297083
297044
297009
296930
296921
296860
296800
296612
296580
296458
296272
296232
296177
296048
296000
295887
295839
295559
295474
295414
295237
295159
295051
295001
294882
294778
294756
294694
294597
294580
294501
294404
294353
293984
293858
293852
293812
293510
293500
293424
293303
293101
292917
292866
292692
292154
292126
292052
291916
291804
291570
291566
291408
291358
291142
290790
290554
290470
290412
290379
289774
289761
289669
289607
289550
289548
289524
289413
289399
289381
289242
289025
288397
287878
287736
287696
287615
287463
287260
287108
286964
286724
286714
286695
286694
286390
286318
286222
286218
285838
285793
285066
285044
285009
284896
284765
284662
284612
284278
284273
284208
284188
284100
283968
283739
283679
283418
283416
283168
282936
282912
282798
282761
282576
282526
282403
282388
282361
282336
282222
281966
281950
281946
281754
281703
281618
281506
281213
281175
280913
280904
280900
280787
280567
280542
280495
280484
280444
280258
280205
280147
279938
279855
279777
279612
279471
279469
279366
279360
279066
279066
278923
278728
278712
278700
278591
278450
278439
278410
278403
278147
278014
277740
277642
277634
277625
277589
277223
277176
277036
277027
276987
276714
276639
276121
276102
275906
275811
275716
275706
275700
275583
275320
275092
274357
274255
274226
274155
274064
273904
273845
273780
273715
273652
273538
273491
273455
273139
272493
272396
272030
271957
271868
271868
271791
271726
271602
271554
271552
271395
271362
271347
271246
271234
271221
270827
270685
270572
270570
270505
270452
270208
270091
270063
269982
269957
269940
269930
269920
269895
269692
269541
269496
269446
269322
269308
269285
268856
268671
268593
268583
268406
268395
268384
268296
268293
268114
268080
267943
267862
267672
267392
267079
266984
266941
266808
266790
266762
266760
266698
266591
266542
266508
266404
266339
266295
266241
266104
265915
265716
265530
265490
265467
265418
265344
265294
265262
265173
265138
264773
264761
264720
264660
264524
264424
264406
264376
264270
264231
264019
263692
263280
263073
263054
262743
262657
262652
262570
262443
262351
262339
262315
262279
262031
261912
261902
261833
261805
261760
261752
261714
261552
261538
261465
261415
261292
261174
261148
261101
261074
260953
260877
260868
260660
260652
260640
260626
260386
260339
260289
260277
260262
260259
260153
259817
259590
259574
259572
259548
259487
259483
259456
259303
259259
259249
259218
259210
259173
259023
258976
258924
258773
258714
258659
258585
258504
258347
258347
258163
258142
258078
258059
258057
258036
257910
257692
257587
257352
257333
257213
257192
257027
256981
256937
256812
256708
256657
256647
256540
256536
256505
256468
256438
256399
256340
256267
256236
256160
255828
255642
255612
254864
254808
254786
254373
254310
254288
254272
254256
254096
254052
253787
253779
253629
253576
253524
253402
253375
253372
253296
253141
253117
253067
253049
253002
252912
252651
252616
252447
252303
252132
252107
251948
251879
251843
251819
251792
251730
251718
251701
251517
251515
251509
251422
251370
250911
250682
250574
250392
250389
250317
250285
250166
250137
250132
250102
250086
249931
249899
249826
249803
249726
249708
249667
249664
249661
249559
249363
249057
248876
248793
248776
248768
248756
248728
248622
248592
248527
248414
248326
248270
248268
248136
248128
248115
248040
248016
248014
247995
247764
247665
247633
247516
247495
247449
247268
247198
247068
247010
246981
246904
246618
246548
246512
246386
246348
246332
246325
246322
246190
246175
246146
246125
245820
245520
245496
245354
245171
245150
245061
244741
244708
244705
244631
244616
244467
244360
244331
244300
244244
244204
244204
244176
244099
244069
243936
243880
243782
243744
243692
243682
243459
243393
243369
243294
243282
243164
243129
243124
242948
242850
242699
242666
242478
242418
242381
242330
242292
242230
242126
242004
241958
241938
241934
241847
241699
241535
241477
241279
241089
241038
240997
240973
240969
240842
240810
240688
240661
240626
240428
240404
240382
240361
240346
240316
240268
239952
239916
239646
239635
239628
239568
239566
239454
239404
239266
239179
239087
239028
239007
238924
238908
238860
238816
238644
238640
238598
238330
238221
238210
238155
238134
238134
238120
237896
237698
237578
237512
237413
237407
237400
237371
237180
237101
237091
237067
236865
236792
236751
236667
236639
236612
236556
236416
236298
236105
236086
236040
236028
235977
235936
235912
235897
235653
235471
235370
235265
235147
235132
234927
234924
234876
234816
234732
234676
234645
234508
234329
234225
234112
233966
233867
233810
233795
233721
233684
233660
233614
233606
233564
233440
233424
233362
233299
233276
233233
233228
233129
232947
232869
232698
232691
232681
232547
232464
232448
232391
232390
232247
232245
232126
231941
231894
231829
231736
231730
231698
231549
231357
231217
231211
231202
231124
231119
231071
231009
230978
230952
230921
230900
230881
230710
230620
230602
230591
230524
230310
230250
230187
230158
229934
229897
229894
229850
229794
229652
229551
229513
229312
229308
229224
229040
228940
228791
228614
228517
228470
228367
228337
228304
228289
228255
228197
228117
227906
227856
227815
227784
227766
227739
227713
227704
227605
227593
227584
227542
227531
227516
227484
227472
227458
227436
227435
227393
227184
227086
227068
227057
226703
226693
226618
226401
226296
226268
226244
226163
226035
225840
225798
225673
225632
225608
225555
225446
225426
225410
225246
224844
224822
224812
224728
224713
224661
224614
224417
224366
224334
224296
224224
224222
224148
224103
224084
223942
223878
223835
223812
223661
223646
223521
223438
223430
223399
223238
223229
223209
223160
223094
223055
223047
223015
223004
223003
222986
222978
222894
222845
222816
222767
222659
222618
222456
222105
222053
221950
221928
221905
221864
221850
221807
221793
221671
221644
221631
221617
221596
221503
221490
221466
221303
221290
221213
221116
221082
221030
220986
220786
220776
220681
220674
220645
220645
220480
220443
220386
220359
220137
220060
220038
220014
219989
219988
219864
219794
219762
219650
219558
219470
219460
219453
219440
219265
219262
219250
219138
219123
219037
218956
218944
218927
218898
218806
218803
218771
218642
218603
218562
218501
218465
218413
218359
218118
218070
217997
217955
217894
217888
217866
217534
217465
217428
217061
217016
216982
216861
216817
216815
216810
216791
216755
216682
216664
216615
216530
216522
216508
216488
216484
216402
216344
216099
215977
215917
215866
215830
215705
215451
215318
215232
215202
215041
215038
214991
214964
214828
214731
214702
214676
214589
214495
214440
214436
214303
214259
214257
214248
214228
214184
214155
214090
213890
213669
213564
213292
213266
213223
213170
213159
213103
212932
212793
212706
212679
212662
212622
212528
212484
212445
212410
212265
212105
212076
211880
211844
211839
211827
211782
211632
211497
211472
211431
211294
211292
211241
211186
211176
211072
210996
210962
210918
210809
210644
210631
210606
210600
210529
210438
210355
210237
210172
210125
210120
210033
209967
209958
209873
209832
209784
209718
209685
209510
209404
209389
209042
209003
208983
208974
208965
208941
208843
208831
208828
208800
208787
208766
208755
208748
208734
208673
208472
208438
208420
208401
208339
208338
208314
208245
208164
208117
208028
207896
207743
207714
207658
207575
207571
207455
207306
207272
207160
206864
206856
206798
206669
206666
206660
206644
206628
206611
206604
206542
206526
206456
206372
206342
206321
206289
206116
206046
206042
205837
205832
205793
205683
205659
205640
205630
205605
205503
205496
205277
205158
205143
204847
204827
204773
204718
204696
204696
204571
204460
204458
204338
204303
204294
204180
204127
203966
203952
203924
203832
203828
203725
203698
203663
203561
203513
203372
203152
203098
203085
203074
202977
202964
202800
202756
202754
202732
202730
202674
202662
202506
202379
202372
202317
202283
202258
202214
202128
202098
202092
201863
201860
201858
201794
201781
201765
201616
201545
201466
201414
201378
201366
201355
201227
201095
201029
200956
200850
200849
200799
200780
200742
200694
200692
200640
200618
200574
200503
200447
200413
200394
200376
200085
199960
199952
199856
199820
199758
199730
199625
199528
199512
199482
199479
199452
199432
199381
199313
199170
199127
199102
199090
199074
199035
199018
198913
198905
198868
198857
198844
198824
198684
198643
198570
198538
198471
198463
198406
198392
198302
198292
198276
198264
198258
198061
198060
198053
198038
198027
197814
197752
197673
197599
197558
197533
197500
197382
197372
197336
197332
197302
197265
197245
197240
197211
197178
197175
197066
197053
196998
196977
196907
196885
196833
196822
196809
196806
196739
196532
196508
196368
196012
195926
195924
195905
195843
195756
195746
195606
195605
195499
195464
195327
195231
195196
195174
195110
195077
195058
194926
194899
194872
194862
194629
194533
194512
194370
194276
194203
194190
194124
194093
194046
193988
193865
193821
193757
193606
193606
193604
193439
193409
193363
193323
193214
193210
193210
193192
193125
193088
193064
192989
192960
192958
192952
192897
192886
192867
192861
192570
192555
192497
192490
192468
192438
192308
192290
192222
192202
192200
192129
192088
192017
191941
191912
191909
191880
191860
191849
191549
191510
191323
191316
191280
191194
191170
191133
191086
191065
191034
191022
190992
190921
190906
190804
190790
190782
190614
190470
190372
190297
190269
190263
190082
190067
189958
189896
189888
189884
189867
189653
189588
189570
189492
189433
189418
189270
189156
189115
189086
189048
188946
188911
188908
188710
188655
188568
188524
188454
188449
188424
188366
188318
188307
188271
188241
188183
188019
187996
187953
187917
187912
187845
187735
187722
187704
187654
187596
187235
187216
187065
187056
187040
187037
187036
187000
186974
186948
186901
186676
186673
186666
186594
186569
186525
186473
186440
186360
186342
186338
186221
186189
186100
186096
185904
185854
185752
185741
185700
185667
185662
185602
185576
185556
185535
185100
185090
185012
184811
184771
184525
184440
184418
184306
184216
184177
184019
183990
183910
183888
183868
183858
183836
183823
183801
183792
183746
183740
183711
183704
183656
183541
183498
183495
183485
183468
183465
183337
183301
183220
183132
183077
183024
182996
182964
182946
182930
182854
182826
182746
182736
182636
182517
182495
182420
182255
182182
182178
181950
181897
181893
181890
181855
181733
181674
181665
181627
181588
181560
181558
181531
181425
181370
181286
181179
181149
181098
181066
181028
180984
180976
180917
180904
180815
180796
180756
180705
180705
180650
180622
180466
180435
180424
180281
180213
180202
180112
180076
180055
180027
179992
179936
179882
179864
179859
179808
179801
179656
179630
179502
179441
179355
179346
179204
179201
179122
179111
178983
178961
178946
178937
178929
178887
178871
178846
178817
178725
178472
178416
178306
178296
178292
178275
178191
178174
178172
178156
178152
178095
177962
177952
177901
177814
177791
177786
177608
177578
177577
177513
177389
177344
177267
177211
177209
177112
177109
177104
177088
177035
177022
176995
176970
176934
176892
176872
176705
176687
176601
176485
176434
176359
176243
176181
175922
175842
175773
175685
175644
175605
175556
175542
175504
175455
175365
175333
175256
175168
175138
175094
174978
174923
174803
174782
174762
174758
174720
174702
174701
174548
174544
174543
174445
174366
174225
174160
174159
174123
174044
174026
173985
173964
173948
173937
173738
173662
173570
173363
173335
173280
173210
173130
173128
173088
173056
172990
172938
172912
172899
172863
172862
172784
172768
172766
172762
172745
172717
172677
172568
172516
172488
172421
172331
172028
171968
171940
171915
171776
171744
171655
171516
171502
171499
171438
171435
171432
171248
171230
171131
170986
170816
170734
170715
170700
170658
170630
170601
170578
170576
170550
170550
170452
170382
170355
170286
170227
170226
170219
170206
170143
170104
170040
169996
169982
169947
169925
169901
169901
169875
169818
169798
169702
169659
169646
169600
169569
169491
169488
169486
169443
169394
169329
169316
169289
169123
169120
168871
168795
168724
168710
168642
168626
168614
168480
168427
168413
168405
168363
168344
168273
168248
168200
168192
168174
168143
168128
168122
168103
168082
168069
168016
167944
167905
167896
167868
167700
167552
167530
167521
167421
167385
167278
167238
167200
167133
167000
166994
166985
166948
166882
166874
166835
166834
166833
166758
166744
166714
166710
166636
166598
166591
166590
166538
166473
166393
166337
166332
166326
166231
166226
166050
166037
166014
165947
165924
165757
165721
165717
165716
165714
165686
165672
165670
165572
165561
165522
165464
165460
165454
165442
165328
165303
165111
164974
164949
164925
164811
164787
164738
164725
164708
164553
164553
164499
164406
164391
164389
164388
164366
164358
164342
164337
164323
164301
164271
164270
163978
163968
163960
163872
163859
163849
163844
163776
163748
163710
163687
163668
163660
163612
163524
163441
163369
163340
163328
163324
163305
163179
163178
163145
162931
162904
162775
162758
162735
162654
162634
162633
162610
162602
162600
162594
162540
162368
162234
162187
162180
162134
162116
162048
162003
161998
161986
161966
161913
161822
161789
161718
161663
161640
161630
161626
161624
161622
161607
161480
161397
161300
161253
161224
161028
161003
160990
160861
160848
160836
160826
160731
160683
160558
160556
160530
160490
160428
160387
160308
160288
160259
160259
160238
160226
160225
160157
160150
160140
159992
159985
159758
159746
159738
159738
159720
159715
159670
159655
159631
159628
159552
159539
159510
159452
159442
159432
159411
159392
159380
159375
159333
159306
159299
159288
159286
159245
159240
159230
159205
159200
159154
159078
159060
158989
158930
158907
158875
158869
158853
158834
158748
158722
158633
158610
158569
158540
158490
158472
158418
158396
158395
158310
158292
158206
158156
158136
158103
157950
157898
157866
157851
157812
157796
157785
157780
157712
157663
157634
157618
157597
157554
157521
157510
157498
157491
157467
157418
157369
157314
157304
157264
157262
157216
157214
157186
157164
157151
157093
157091
157038
156992
156950
156777
156773
156765
156760
156718
156700
156699
156699
156664
156640
156588
156529
156529
156512
156495
156483
156480
156450
156326
156304
156296
156290
156257
156227
156202
156196
156192
156190
156185
156055
156055
155988
155974
155894
155866
155844
155819
155817
155796
155794
155779
155771
155723
155679
155650
155619
155594
155506
155497
155468
155452
155409
155363
155329
155314
155143
155111
155079
155061
155034
154922
154900
154900
154846
154752
154690
154512
154430
154370
154332
154191
154144
154131
154119
154112
153977
153836
153819
153794
153776
153775
153749
153661
153601
153521
153520
153484
153455
153448
153377
153287
153268
153218
153206
153158
153076
153026
152984
152981
152897
152884
152860
152734
152646
152631
152606
152600
152583
152502
152396
152380
152346
152343
152317
152300
152297
152245
152225
152200
152146
152124
152059
152024
152008
151980
151977
151947
151893
151835
151813
151795
151778
151708
151607
151552
151494
151475
151474
151423
151386
151385
151309
151218
151179
151164
151085
151019
151005
150996
150978
150963
150926
150909
150797
150789
150783
150653
150645
150597
150593
150496
150485
150369
150320
150219
150202
150176
150168
150156
150152
150132
150126
150078
150076
150060
150046
150026
149944
149930
149913
149874
149822
149784
149780
149768
149748
149652
149596
149577
149545
149538
149500
149494
149458
149442
149373
149348
149336
149308
149300
149230
149214
149189
149116
149102
149087
149048
149032
148991
148825
148816
148706
148689
148668
148664
148651
148632
148596
148452
148388
148372
148355
148345
148333
148244
148237
148193
148080
148036
148032
147970
147938
147924
147920
147879
147844
147824
147804
147793
147781
147692
147669
147642
147553
147544
147531
147426
147400
147379
147366
147356
147326
147312
147300
147295
147269
147190
147084
147010
146986
146969
146954
146908
146782
146781
146744
146720
146709
146697
146687
146670
146654
146604
146506
146381
146365
146290
146192
146190
146170
146156
146034
146019
145982
145947
145945
145880
145868
145819
145816
145814
145784
145703
145642
145574
145517
145480
145444
145430
145428
145354
145348
145314
145307
145306
145302
145297
145281
145278
145250
145134
145050
145047
145035
145029
144947
144829
144812
144809
144747
144708
144659
144582
144541
144533
144500
144489
144481
144468
144429
144378
144349
144256
144212
144088
144077
144053
144021
144018
144010
143970
143913
143882
143874
143719
143716
143674
143667
143648
143610
143510
143399
143382
143356
143331
143328
143259
143216
143201
143183
143170
143162
143100
143078
143049
142976
142939
142928
142923
142902
142860
142844
142798
142797
142789
142751
142704
142670
142614
142587
142512
142504
142461
142449
142295
142280
142274
142273
142196
142122
142095
142055
142008
141948
141848
141823
141737
141624
141520
141459
141454
141435
141423
141415
141401
141397
141346
141330
141329
141311
141252
141248
141142
141129
141122
141057
141047
140994
140984
140964
140912
140850
140809
140809
140806
140800
140792
140764
140748
140714
140669
140639
140541
140489
140479
140448
140445
140368
140319
140302
140286
140280
140226
140214
140202
140184
140117
140069
140068
140054
139923
139816
139786
139782
139754
139680
139666
139644
139616
139606
139604
139587
139582
139562
139550
139535
139504
139491
139470
139412
139410
139389
139362
139336
139329
139329
139263
139229
139229
139217
139161
139126
139098
139092
139087
139082
139065
139054
139032
138998
138888
138865
138858
138844
138826
138825
138808
138794
138793
138779
138721
138698
138671
138622
138612
138598
138584
138537
138478
138474
138467
138452
138422
138411
138390
138362
138360
138358
138220
138205
138173
138154
138106
138074
138064
138052
138042
137976
137973
137924
137922
137904
137789
137774
137732
137662
137626
137554
137536
137492
137475
137459
137433
137430
137426
137362
137346
137344
137302
137298
137213
137190
137177
137157
137121
137088
137041
137034
137032
137002
136996
136977
136930
136908
136870
136854
136833
136773
136679
136669
136638
136637
136602
136520
136506
136488
136484
136476
136469
136440
136386
136364
136354
136324
136290
136289
136285
136231
136108
136101
136096
136087
136018
136012
135994
135990
135966
135939
135868
135849
135751
135733
135730
135690
135655
135605
135605
135575
135564
135501
135473
135455
135446
135425
135334
135324
135288
135274
135232
135186
135165
135120
135076
135072
135066
135046
135045
135022
135014
134944
134871
134865
134718
134710
134705
134640
134540
134536
134471
134409
134384
134360
134347
134347
134288
134284
134269
134262
134208
134206
134147
134141
134140
134070
134033
134032
134018
134009
133956
133947
133913
133903
133726
133702
133691
133636
133568
133545
133535
133499
133472
133470
133454
133408
133386
133356
133316
133164
133162
133153
133142
133123
133068
133066
133014
132926
132918
132876
132858
132791
132772
132728
132676
132669
132643
132629
132604
132546
132502
132490
132441
132440
132400
132395
132380
132378
132357
132316
132278
132272
132258
132252
132208
132102
132096
132070
132042
132029
132010
131989
131988
131964
131961
131894
131883
131869
131854
131808
131718
131708
131594
131565
131529
131517
131442
131338
131330
131266
131243
131206
131172
131080
131078
131051
131037
131003
131002
130961
130883
130798
130759
130704
130692
130589
130574
130491
130490
130405
130392
130388
130374
130352
130297
130262
130254
130228
130202
130191
130188
130180
130176
130146
130122
130120
130112
130089
130072
130066
130002
129985
129984
129943
129914
129840
129808
129798
129790
129788
129787
129783
129758
129660
129653
129639
129625
129554
129522
129477
129460
129376
129356
129301
129290
129235
129168
129052
129051
129008
128964
128936
128884
128852
128742
128667
128654
128640
128606
128598
128591
128565
128548
128539
128505
128498
128496
128482
128451
128367
128366
128352
128316
128305
128255
128255
128254
128223
128212
128133
128102
128010
127949
127851
127830
127790
127742
127706
127629
127622
127620
127612
127545
127545
127542
127502
127492
127470
127412
127402
127401
127342
127323
127320
127311
127308
127214
127204
127152
127148
127051
127036
127035
127008
126993
126982
126970
126936
126886
126854
126835
126803
126762
126713
126695
126628
126602
126566
126500
126482
126306
126301
126191
126181
126162
126153
126107
126074
126030
125986
125921
125897
125883
125877
125822
125802
125790
125764
125734
125712
125694
125692
125630
125622
125604
125561
125488
125462
125444
125391
125387
125384
125332
125330
125325
125310
125250
125244
125209
125147
125139
125136
125094
125064
125053
125048
125042
125012
124996
124990
124982
124981
124974
124954
124944
124921
124889
124880
124818
124817
124812
124771
124728
124712
124690
124687
124673
124584
124568
124549
124541
124529
124458
124442
124418
124416
124397
124312
124308
124274
124240
124236
124218
124208
124198
124192
124160
124146
124136
124105
124100
124092
124042
124015
123978
123929
123917
123890
123886
123878
123840
123817
123771
123734
123701
123640
123630
123625
123615
123607
123588
123586
123559
123558
123408
123284
123221
123210
123194
123153
123153
123112
123029
123015
122983
122930
122910
122887
122876
122820
122798
122785
122762
122748
122747
122697
122695
122690
122658
122657
122652
122575
122554
122509
122478
122452
122433
122430
122388
122371
122338
122321
122308
122259
122259
122218
122214
122138
122136
122092
122091
122003
121972
121964
121945
121942
121808
121803
121802
121788
121748
121712
121692
121665
121656
121613
121579
121578
121556
121546
121546
121500
121496
121446
121419
121386
121370
121298
121232
121202
121193
121190
121180
121168
121139
121088
121080
121071
121025
121016
120951
120856
120776
120738
120738
120686
120681
120643
120618
120590
120587
120570
120523
120512
120464
120420
120380
120340
120330
120326
120318
120297
120264
120262
120248
120228
120214
120179
120171
120165
120128
120117
120080
120015
120003
119991
119972
119956
119890
119889
119889
119887
119828
119798
119777
119731
119728
119727
119724
119722
119689
119684
119593
119575
119547
119482
119394
119352
119329
119324
119310
119076
119056
119050
119006
118995
118978
118941
118880
118796
118783
118778
118658
118641
118594
118580
118565
118550
118534
118520
118505
118482
118417
118386
118373
118343
118322
118321
118295
118266
118243
118235
118230
118189
118126
118080
118075
118049
117989
117976
117951
117943
117903
117879
117852
117809
117807
117727
117705
117677
117672
117622
117621
117604
117589
117584
117571
117541
117519
117504
117494
117441
117439
117402
117401
117401
117381
117343
117302
117293
117281
117275
117230
117189
117090
117078
117069
117068
117048
117046
117032
116944
116922
116916
116896
116879
116875
116860
116856
116715
116710
116702
116698
116694
116619
116615
116583
116561
116546
116472
116468
116452
116430
116421
116417
116397
116387
116359
116335
116312
116295
116272
116259
116248
116222
116206
116174
116163
116109
116089
116033
116006
115982
115982
115982
115930
115913
115904
115837
115820
115812
115786
115772
115762
115756
115712
115700
115697
115690
115641
115621
115517
115510
115478
115455
115444
115402
115383
115369
115312
115288
115282
115268
115265
115220
115194
115180
115170
115062
115000
114988
114931
114924
114918
114916
114910
114894
114889
114886
114870
114814
114802
114786
114780
114780
114726
114673
114656
114624
114604
114604
114568
114536
114528
114508
114507
114491
114473
114462
114455
114443
114433
114425
114394
114354
114348
114339
114339
114333
114299
114268
114260
114239
114215
114212
114201
114142
114138
114114
114103
114081
114066
114060
114000
113992
113950
113942
113932
113930
113923
113901
113892
113831
113826
113821
113807
113796
113773
113750
113749
113716
113710
113702
113698
113572
113571
113564
113542
113531
113483
113476
113471
113442
113439
113434
113399
113367
113324
113230
113220
113211
113176
113152
113053
113034
112970
112954
112942
112926
112924
112890
112859
112844
112842
112836
112807
112803
112765
112763
112748
112688
112665
112656
112652
112635
112608
112591
112572
112530
112525
112524
112464
112432
112405
112385
112350
112346
112318
112309
112264
112255
112100
112076
112044
111931
111884
111855
111828
111822
111818
111788
111781
111777
111756
111694
111666
111636
111633
111596
111515
111512
111512
111454
111391
111378
111345
111324
111321
111285
111284
111277
111264
111245
111240
111237
111237
111234
111234
111230
111228
111213
111208
111148
111103
111070
111026
111011
110977
110976
110932
110914
110844
110790
110786
110767
110767
110755
110740
110724
110694
110692
110645
110627
110614
110611
110515
110491
110434
110398
110341
110335
110198
110164
110156
110090
110084
110075
110053
110042
110018
110010
109985
109949
109940
109867
109848
109848
109834
109805
109788
109737
109728
109702
109702
109688
109663
109658
109656
109641
109619
109612
109607
109598
109495
109479
109382
109346
109344
109298
109237
109209
109205
109184
109163
109146
109116
109041
109038
109013
108988
108983
108980
108973
108971
108954
108899
108879
108878
108874
108853
108794
108763
108760
108739
108726
108644
108606
108581
108576
108561
108519
108502
108499
108472
108452
108416
108410
108403
108396
108378
108350
108339
108334
108328
108287
108284
108252
108208
108196
108190
108181
108150
108144
108133
108112
108074
108071
108033
108030
108014
108008
107995
107987
107914
107907
107892
107876
107852
107836
107809
107782
107774
107774
107757
107736
107725
107721
107672
107613
107604
107559
107545
107522
107509
107488
107475
107472
107410
107392
107378
107373
107362
107309
107306
107305
107301
107222
107220
107214
107199
107197
107153
107142
107138
107137
107131
107126
107125
107050
107040
107030
106982
106969
106953
106949
106938
106896
106787
106787
106746
106730
106676
106675
106629
106596
106559
106532
106521
106503
106486
106394
106353
106336
106332
106326
106312
106297
106274
106256
106244
106228
106216
106182
106174
106159
106052
106048
106046
106012
106009
105956
105945
105886
105843
105816
105794
105789
105784
105769
105716
105705
105677
105645
105639
105638
105634
105618
105594
105591
105581
105559
105504
105490
105482
105450
105420
105404
105402
105381
105358
105350
105328
105323
105317
105307
105285
105281
105255
105242
105181
105154
105137
105134
105122
105077
105068
105057
105040
105031
105026
105013
104993
104992
104976
104961
104959
104954
104931
104930
104913
104908
104883
104865
104860
104852
104846
104795
104767
104762
104758
104754
104742
104741
104732
104699
104662
104652
104609
104600
104587
104570
104556
104535
104495
104488
104485
104421
104421
104404
104369
104346
104290
104278
104253
104221
104202
104179
104124
104099
104098
104064
104051
104008
103975
103960
103920
103902
103845
103829
103786
103750
103746
103729
103638
103624
103623
103616
103595
103547
103457
103451
103444
103440
103432
103426
103380
103318
103314
103292
103264
103256
103240
103240
103220
103212
103159
103144
103144
103136
103110
103091
103056
103050
103002
102956
102941
102934
102872
102872
102810
102804
102776
102766
102760
102746
102725
102690
102689
102684
102639
102630
102621
102588
102543
102535
102532
102492
102492
102401
102382
102295
102294
102280
102253
102200
102154
102136
102114
102064
102010
101998
101942
101922
101894
101855
101848
101830
101791
101757
101750
101714
101665
101601
101580
101570
101565
101549
101544
101537
101510
101508
101438
101419
101355
101332
101324
101312
101312
101268
101204
101160
101130
101128
101118
101111
101104
101080
100969
100964
100962
100959
100953
100906
100890
100866
100848
100839
100810
100754
100730
100724
100720
100718
100660
100600
100593
100562
100557
100512
100477
100468
100443
100442
100426
100393
100386
100372
100355
100332
100331
100330
100282
100268
100199
100193
100146
100118
100113
100109
100080
100080
100079
100074
100073
100069
100030
100023
100014
100007
99990
99976
99954
99939
99902
99897
99878
99862
99854
99853
99840
99823
99818
99815
99812
99810
99807
99800
99796
99786
99777
99764
99744
99707
99688
99653
99564
99532
99521
99506
99469
99447
99418
99414
99379
99353
99350
99349
99348
99334
99316
99298
99287
99224
99209
99204
99203
99100
99075
99050
99038
99034
99010
98995
98952
98927
98918
98892
98829
98776
98775
98701
98695
98693
98689
98681
98676
98672
98670
98624
98520
98517
98514
98511
98506
98481
98434
98427
98426
98397
98391
98380
98353
98326
98322
98318
98308
98257
98210
98152
98145
98145
98116
98110
98094
98090
98042
98016
97966
97962
97935
97903
97844
97836
97827
97812
97804
97784
97778
97774
97747
97731
97720
97704
97702
97649
97626
97625
97612
97603
97593
97588
97572
97511
97494
97450
97421
97407
97387
97378
97377
97353
97298
97260
97240
97217
97204
97189
97144
97114
97061
97060
97044
97044
97020
97018
97002
96993
96985
96982
96963
96922
96894
96881
96849
96834
96832
96782
96777
96771
96769
96751
96750
96744
96674
96671
96656
96624
96576
96564
96561
96543
96462
96446
96439
96422
96409
96397
96390
96380
96379
96364
96301
96294
96294
96288
96281
96266
96252
96156
96142
96125
96091
96069
96005
95997
95958
95939
95914
95895
95888
95868
95828
95822
95818
95807
95781
95770
95762
95710
95704
95639
95635
95618
95602
95577
95530
95493
95490
95486
95483
95472
95469
95439
95420
95409
95407
95404
95403
95390
95358
95356
95344
95321
95296
95290
95282
95223
95219
95187
95184
95112
95102
95100
95080
95010
94922
94913
94892
94892
94878
94874
94856
94842
94830
94815
94791
94781
94763
94719
94716
94685
94677
94621
94588
94575
94545
94462
94449
94324
94298
94276
94257
94252
94245
94221
94202
94194
94177
94153
94137
94137
94119
94074
94063
94033
94028
93988
93969
93945
93942
93937
93935
93868
93760
93760
93757
93755
93734
93727
93716
93675
93671
93660
93652
93645
93636
93629
93564
93557
93554
93552
93541
93528
93477
93468
93392
93385
93381
93350
93339
93337
93329
93324
93324
93320
93310
93281
93280
93268
93264
93200
93186
93172
93154
93153
93147
93145
93139
93120
93114
93108
93093
93073
93071
93052
93021
93008
93005
93000
92992
92982
92972
92952
92950
92935
92928
92925
92925
92884
92840
92836
92826
92804
92797
92779
92777
92739
92676
92650
92648
92622
92617
92607
92598
92558
92522
92470
92452
92444
92442
92436
92429
92408
92378
92365
92359
92352
92333
92328
92307
92252
92242
92242
92239
92175
92132
92100
92076
92075
92042
92007
92004
91973
91914
91890
91856
91841
91840
91837
91833
91787
91770
91766
91760
91752
91705
91656
91608
91606
91596
91585
91577
91571
91562
91514
91513
91472
91456
91452
91411
91410
91397
91396
91381
91380
91377
91372
91358
91357
91320
91313
91265
91260
91255
91249
91248
91235
91190
91183
91075
91071
91028
91017
91001
90990
90963
90952
90939
90926
90915
90911
90894
90894
90876
90872
90850
90826
90788
90782
90772
90755
90715
90714
90712
90708
90690
90680
90677
90667
90660
90632
90601
90592
90567
90554
90550
90546
90511
90505
90500
90444
90440
90432
90408
90394
90389
90362
90352
90333
90324
90301
90276
90236
90212
90190
90189
90167
90155
90154
90141
90109
90104
90079
90068
90068
90066
90048
90039
90030
89971
89964
89950
89936
89920
89876
89874
89859
89820
89819
89802
89729
89715
89701
89687
89674
89672
89669
89652
89643
89636
89630
89595
89590
89586
89546
89497
89488
89464
89416
89412
89408
89380
89380
89353
89303
89266
89234
89195
89152
89109
89077
89072
89065
89060
89058
89023
89022
89020
88993
88949
88930
88909
88902
88875
88871
88848
88844
88841
88795
88794
88784
88772
88757
88743
88718
88716
88678
88632
88614
88604
88578
88576
88564
88544
88506
88494
88478
88467
88441
88428
88405
88393
88392
88373
88354
88346
88344
88316
88308
88303
88262
88256
88254
88248
88246
88242
88232
88224
88207
88148
88145
88124
88109
88051
88048
88036
88012
87968
87966
87964
87936
87932
87918
87900
87882
87875
87871
87870
87856
87800
87795
87791
87776
87741
87737
87726
87722
87718
87703
87672
87664
87642
87608
87581
87572
87514
87506
87500
87498
87457
87456
87455
87424
87413
87385
87363
87351
87348
87336
87331
87331
87324
87305
87299
87282
87265
87242
87223
87219
87214
87210
87172
87118
87100
86993
86946
86924
86920
86916
86912
86904
86892
86886
86874
86849
86844
86815
86791
86756
86734
86707
86697
86684
86680
86630
86622
86605
86600
86574
86550
86532
86516
86516
86509
86502
86494
86450
86445
86443
86418
86410
86388
86373
86352
86348
86327
86327
86322
86316
86306
86293
86276
86267
86256
86256
86218
86212
86183
86166
86164
86162
86152
86120
86112
86050
86050
86043
86024
86014
86011
86004
85974
85958
85934
85908
85900
85896
85878
85842
85838
85832
85810
85810
85808
85807
85806
85801
85778
85766
85740
85739
85669
85666
85652
85638
85622
85620
85605
85591
85586
85567
85558
85542
85505
85489
85444
85426
85412
85404
85360
85355
85353
85336
85332
85327
85300
85294
85278
85269
85240
85216
85195
85174
85163
85155
85150
85115
85108
85098
85049
85036
85022
84984
84976
84970
84922
84908
84885
84852
84847
84814
84782
84766
84756
84752
84732
84730
84708
84704
84695
84648
84637
84622
84601
84600
84573
84550
84544
84540
84520
84517
84496
84469
84452
84432
84419
84418
84412
84412
84396
84381
84378
84377
84372
84361
84354
84350
84320
84304
84302
84295
84263
84244
84204
84186
84178
84159
84152
84147
84137
84118
84114
84110
84099
84064
84063
84054
84046
84024
84016
83996
83948
83937
83928
83921
83856
83853
83846
83846
83819
83815
83798
83797
83788
83787
83780
83774
83769
83754
83746
83741
83741
83736
83736
83729
83724
83720
83712
83641
83603
83591
83560
83468
83448
83381
83378
83374
83363
83361
83350
83339
83301
83296
83294
83277
83268
83258
83243
83242
83232
83231
83227
83226
83186
83182
83152
83152
83109
83106
83080
83075
83021
83010
82979
82968
82957
82908
82883
82851
82838
82835
82812
82810
82807
82804
82786
82771
82754
82749
82730
82699
82662
82661
82658
82643
82624
82621
82620
82605
82602
82591
82577
82556
82544
82524
82512
82510
82509
82478
82457
82444
82419
82364
82361
82358
82334
82326
82202
82195
82190
82165
82159
82156
82124
82108
82100
82082
82068
82065
82050
82045
82040
82026
82021
82017
82010
81987
81963
81959
81930
81928
81922
81905
81862
81847
81834
81780
81758
81733
81733
81727
81698
81658
81651
81642
81637
81601
81579
81558
81547
81544
81534
81531
81469
81462
81460
81452
81450
81429
81427
81414
81396
81346
81342
81324
81316
81283
81274
81272
81262
81234
81228
81212
81191
81186
81183
81180
81178
81177
81168
81146
81094
81070
81038
81016
80978
80977
80975
80967
80949
80943
80942
80908
80899
80890
80882
80869
80851
80850
80841
80827
80811
80793
80781
80779
80770
80757
80735
80727
80703
80682
80661
80653
80609
80603
80598
80596
80510
80458
80428
80418
80414
80354
80346
80344
80343
80324
80304
80286
80280
80253
80227
80225
80217
80210
80198
80174
80163
80145
80132
80111
80110
80107
80070
80058
80031
80008
80005
79959
79950
79934
79928
79919
79916
79915
79902
79894
79890
79886
79882
79835
79815
79797
79760
79756
79746
79742
79742
79736
79735
79730
79724
79702
79696
79682
79665
79626
79602
79601
79575
79548
79532
79527
79524
79521
79518
79509
79496
79493
79487
79484
79476
79450
79445
79441
79433
79428
79424
79423
79418
79405
79370
79358
79350
79348
79296
79294
79285
79282
79271
79229
79201
79189
79186
79181
79119
79114
79095
79095
79083
79083
79074
79073
79069
79062
79048
79042
79037
79013
79003
78996
78917
78910
78883
78883
78881
78860
78859
78858
78833
78828
78824
78805
78779
78742
78695
78687
78686
78672
78648
78640
78600
78575
78560
78536
78533
78509
78495
78480
78478
78478
78478
78468
78456
78424
78414
78407
78386
78380
78379
78362
78330
78321
78296
78291
78236
78212
78201
78171
78167
78157
78138
78127
78121
78120
78107
78049
78022
78008
78003
77960
77922
77919
77884
77874
77856
77844
77834
77832
77804
77774
77752
77748
77732
77718
77705
77689
77684
77678
77655
77655
77632
77619
77585
77584
77582
77562
77540
77522
77519
77471
77468
77464
77449
77447
77445
77444
77423
77415
77412
77399
77394
77368
77365
77351
77325
77280
77280
77267
77248
77241
77233
77230
77195
77174
77172
77139
77138
77117
77088
77082
77074
77064
77052
76992
76978
76977
76971
76946
76941
76940
76938
76935
76933
76922
76905
76880
76839
76831
76824
76818
76791
76783
76769
76758
76743
76726
76717
76715
76692
76692
76688
76683
76674
76667
76642
76635
76610
76600
76581
76578
76558
76550
76532
76530
76528
76515
76508
76506
76474
76471
76470
76469
76430
76424
76415
76414
76411
76405
76404
76386
76382
76366
76355
76348
76341
76341
76331
76323
76275
76272
76256
76253
76238
76232
76226
76225
76217
76216
76177
76167
76159
76152
76124
76118
76096
76089
76087
76080
76080
76049
76048
76024
76024
76007
76001
75966
75966
75964
75959
75958
75942
75938
75923
75880
75876
75833
75793
75792
75762
75754
75735
75733
75727
75698
75697
75694
75686
75669
75644
75640
75612
75610
75574
75573
75533
75517
75475
75472
75449
75409
75388
75353
75337
75297
75295
75294
75280
75258
75243
75241
75234
75207
75188
75154
75138
75133
75130
75129
75096
75096
75089
75084
75066
75053
75045
75035
75018
75012
75009
74991
74963
74937
74930
74925
74921
74915
74906
74901
74810
74799
74781
74779
74760
74755
74746
74735
74719
74718
74705
74664
74649
74630
74592
74584
74578
74551
74548
74542
74518
74502
74502
74471
74447
74444
74416
74407
74388
74375
74368
74368
74365
74361
74340
74324
74324
74314
74285
74230
74230
74214
74207
74203
74193
74182
74154
74143
74082
74078
74076
74067
74041
74036
74035
74030
73953
73933
73916
73916
73893
73888
73882
73874
73872
73854
73852
73840
73814
73787
73755
73744
73737
73734
73721
73701
73700
73694
73692
73686
73679
73657
73640
73635
73606
73601
73585
73572
73564
73560
73548
73506
73493
73468
73456
73439
73398
73386
73384
73335
73334
73329
73276
73273
73259
73241
73240
73224
73223
73220
73215
73171
73152
73132
73113
73099
73098
73097
73082
73061
73052
73033
73032
73031
73002
72994
72982
72981
72969
72945
72944
72928
72901
72884
72863
72861
72840
72826
72812
72810
72809
72732
72728
72725
72717
72704
72703
72702
72693
72669
72627
72624
72616
72588
72567
72562
72550
72538
72520
72518
72490
72471
72469
72454
72449
72434
72425
72418
72397
72396
72393
72384
72383
72381
72368
72351
72338
72327
72310
72303
72287
72254
72252
72252
72236
72228
72202
72188
72187
72183
72165
72149
72142
72141
72109
72082
72080
72071
72069
72057
72049
72045
72042
72036
72028
71999
71994
71965
71963
71962
71937
71930
71919
71902
71818
71800
71792
71782
71782
71772
71766
71755
71749
71738
71716
71677
71672
71661
71634
71594
71584
71553
71543
71532
71521
71512
71481
71479
71475
71474
71474
71473
71460
71441
71428
71424
71398
71374
71369
71362
71353
71346
71346
71326
71316
71296
71289
71287
71280
71222
71209
71209
71196
71195
71170
71133
71131
71125
71117
71115
71109
71105
71101
71079
71079
71078
71072
71064
71054
71041
71004
70991
70988
70988
70985
70951
70917
70902
70892
70887
70882
70814
70810
70790
70786
70760
70755
70753
70752
70731
70709
70705
70700
70666
70637
70618
70591
70588
70584
70571
70562
70546
70543
70534
70511
70504
70482
70478
70474
70471
70453
70452
70441
70426
70414
70413
70412
70378
70374
70368
70364
70351
70329
70323
70321
70301
70293
70277
70274
70274
70274
70257
70242
70238
70218
70144
70137
70129
70114
70110
70086
70042
70034
70008
70004
69978
69978
69970
69954
69950
69938
69912
69898
69886
69882
69878
69876
69864
69828
69824
69822
69818
69814
69755
69748
69732
69706
69676
69675
69670
69634
69633
69631
69629
69624
69618
69616
69584
69560
69556
69551
69538
69497
69491
69474
69465
69464
69450
69441
69440
69423
69414
69410
69408
69405
69369
69359
69350
69342
69339
69314
69306
69295
69288
69264
69262
69251
69250
69245
69240
69212
69192
69189
69188
69184
69174
69126
69108
69092
69081
69072
69066
69060
69016
69014
68999
68988
68972
68955
68952
68946
68946
68946
68933
68927
68908
68904
68902
68889
68886
68883
68873
68854
68853
68853
68842
68835
68825
68816
68808
68800
68796
68766
68766
68763
68762
68760
68758
68753
68747
68736
68726
68715
68682
68616
68613
68598
68594
68586
68573
68559
68540
68538
68524
68504
68485
68446
68440
68422
68370
68364
68328
68328
68314
68299
68295
68283
68260
68260
68257
68240
68236
68174
68173
68153
68148
68139
68129
68128
68118
68118
68109
68102
68076
68061
68043
68040
68025
68004
67996
67985
67968
67960
67959
67946
67934
67924
67884
67882
67852
67851
67821
67818
67814
67800
67796
67790
67779
67778
67753
67750
67740
67732
67721
67705
67704
67689
67683
67677
67668
67638
67634
67632
67623
67615
67614
67602
67596
67580
67563
67558
67552
67549
67522
67507
67501
67484
67473
67473
67464
67450
67432
67404
67372
67358
67358
67355
67339
67330
67302
67281
67280
67278
67277
67235
67233
67217
67213
67196
67166
67148
67146
67129
67108
67095
67089
67080
67076
67064
67058
67043
67040
67039
67020
67012
67010
66962
66951
66941
66934
66933
66930
66929
66906
66905
66872
66838
66834
66828
66793
66791
66778
66775
66757
66742
66740
66739
66728
66699
66688
66657
66651
66635
66632
66632
66614
66600
66597
66578
66575
66574
66556
66552
66545
66536
66527
66527
66519
66512
66510
66504
66486
66476
66468
66464
66451
66423
66413
66408
66388
66388
66383
66378
66350
66345
66345
66282
66252
66243
66232
66228
66199
66182
66172
66166
66152
66151
66147
66138
66120
66113
66107
66102
66080
66078
66024
66019
66017
66016
66010
65998
65986
65984
65963
65961
65949
65947
65937
65925
65917
65907
65882
65878
65876
65866
65864
65824
65821
65808
65799
65748
65738
65736
65734
65719
65703
65702
65700
65697
65690
65686
65670
65667
65655
65640
65631
65630
65628
65627
65604
65580
65559
65528
65512
65493
65484
65433
65426
65420
65419
65418
65415
65358
65353
65340
65331
65324
65322
65308
65307
65302
65288
65282
65276
65272
65264
65243
65241
65231
65214
65192
65174
65144
65144
65139
65128
65127
65112
65110
65108
65101
65098
