2446576065
510483813
247128189
230766715
196330613
176556666
162396042
146436802
129958810
123451570
122802558
115919600
111355191
110859096
110121957
108692028
108157424
99847464
97157215
91844727
89062782
88326320
87501513
87159754
80294581
77680319
75889503
73147161
72987648
70320111
68493153
66154529
61865403
61451259
57272250
53583404
52242741
51512583
51032663
46255561
44148663
42736631
42608288
41784928
40131946
38774386
38192813
37270503
36480632
35340317
34196006
34023455
33667437
32582664
32496759
32221790
32196406
32182841
31398838
30215409
30066657
29555294
29197288
28953286
28045131
27396661
27346972
27104672
27023626
26981715
26431323
26283094
26245062
25572134
25339979
25330857
25240931
24592375
24267820
24138475
24029787
23841897
23488094
23333807
22858309
22857998
22636792
22440041
22425989
22227705
21460852
21179207
20997846
20833852
20829084
20273657
20212128
19642836
19300458
19237158
19198034
18595471
18439403
18060009
17912168
17882240
17340339
17261532
17156707
17028760
17020887
16911246
16820390
16679632
16647061
16511678
16375407
16040583
15924636
15568580
15559177
15329918
15238998
15164375
15152695
14939838
14874354
14370153
14207312
14085979
13925495
13463582
13344746
13327344
13259481
13212382
12864573
12836715
12710662
12684189
12588683
12385261
12319350
12314760
12309768
12116238
11964861
11767630
11743432
11715230
11535140
11530011
11391848
11318023
11306338
11176405
11065086
10956446
10922344
10820830
10792611
10745415
10694191
10472872
10402538
10230778
10144049
9906499
9899936
9897223
9895714
9892747
9768119
9682248
9574022
9568658
9366665
9297146
9161858
9158253
9136856
9114988
9106244
9050805
8927146
8921812
8808262
8774259
8765065
8707091
8704708
8697902
8688305
8677935
8584069
8526436
8472166
8435038
8114626
8109907
8097929
8037740
7999639
7980873
7977276
7806160
7785108
7740925
7721239
7696198
7687884
7677765
7546214
7487459
7480994
7465353
7428956
7378219
7316287
7193170
7163786
6980631
6970402
6914664
6872061
6733306
6682139
6667993
6666406
6660737
6609039
6580675
6554889
6428649
6342334
6319666
6291242
6232912
6183096
6164052
6112959
6093913
6082785
6029348
5973694
5827878
5818446
5814204
5812361
5774617
5702060
5685187
5661559
5656395
5603179
5560615
5551925
5538980
5480283
5439417
5429577
5382690
5372679
5370894
5369396
5332165
5314859
5314214
5295000
5255237
5253398
5251686
5234550
5202454
5190252
5185067
5128215
5099317
5072708
5069455
5059735
4991825
4976012
4958289
4953670
4947580
4933326
4916506
4893345
4885188
4864140
4863384
4848235
4843023
4824828
4812189
4810796
4786818
4774680
4767382
4752288
4744878
4733279
4720375
4707155
4675731
4663031
4657953
4657038
4649719
4563874
4556859
4547396
4525514
4520591
4475298
4469412
4462776
4451947
4429333
4405430
4386318
4386187
4371066
4352524
4346574
4344440
4331558
4312848
4306118
4304122
4296291
4289497
4288444
4284639
4284556
4277172
4276254
4244872
4238845
4235591
4233783
4214239
4208164
4171491
4164280
4153125
4136488
4125118
4087168
4084421
4078929
4070354
4063782
4048220
4041132
4038158
4038153
4027216
4018105
3992520
3973851
3969658
3952002
3943560
3931674
3899918
3898110
3849138
3813547
3812619
3799600
3788654
3787121
3778909
3774934
3763030
3758403
3735261
3726064
3703982
3692156
3654321
3652856
3636628
3633075
3617799
3611286
3600480
3588924
3582881
3577628
3558731
3538579
3535461
3528970
3519279
3514670
3462736
3453418
3449135
3398235
3394969
3352295
3351800
3351411
3343596
3340941
3321528
3315816
3284632
3274083
3272527
3257258
3254205
3254194
3240723
3238506
3236339
3229796
3223736
3213205
3211185
3200879
3170994
3169761
3160279
3159618
3154096
3153669
3141497
3139657
3136812
3133127
3128065
3127044
3123096
3120819
3104958
3103030
3102638
3100938
3092117
3076357
3061747
3059531
3059146
3040058
3037827
3036278
3029385
3015358
3009540
3001256
2985611
2961992
2959388
2955004
2950082
2918943
2916582
2896296
2876483
2868601
2862533
2855248
2852132
2850023
2837856
2817660
2805198
2803508
2795671
2787622
2774144
2772681
2770462
2761508
2759584
2758140
2751264
2749890
2746599
2740953
2723106
2694168
2689218
2671436
2670324
2663564
2642648
2640522
2631494
2631470
2631109
2630746
2629040
2627154
2626148
2623745
2619258
2607746
2607566
2606886
2600277
2587680
2579329
2567293
2565255
2558613
2558484
2557728
2542142
2534924
2523598
2521868
2509635
2509383
2508338
2498576
2497125
2485442
2485344
2482599
2476044
2461259
2461232
2450624
2449320
2437401
2433888
2428917
2422275
2419287
2401840
2400339
2395298
2394648
2394500
2381157
2380288
2378728
2376219
2356328
2338980
2332119
2324686
2324127
2324080
2314523
2309061
2305626
2305107
2304168
2299355
2297311
2296567
2291839
2282713
2274831
2272208
2262387
2258824
2258013
2255684
2249792
2244794
2242600
2228206
2227720
2222210
2218668
2216956
2207937
2206451
2200998
2194988
2189767
2186572
2185796
2184992
2178280
2178033
2175612
2173152
2168640
2162858
2162022
2161039
2160743
2158590
2141973
2135737
2135395
2132262
2131896
2130376
2129107
2125638
2115221
2106498
2104230
2100359
2099284
2090870
2088672
2088183
2070891
2069726
2068812
2065643
2062857
2058710
2057825
2052826
2050134
2046327
2037380
2033457
2029524
2026194
2016826
2012621
2005788
2004697
1989416
1987782
1978334
1969656
1967793
1963348
1960668
1953444
1946468
1943754
1937391
1926700
1924205
1920380
1911417
1911053
1906291
1898621
1894708
1889115
1886886
1881475
1877907
1876798
1875030
1869217
1868978
1862416
1859204
1859164
1857168
1852140
1845997
1843055
1842637
1838237
1837670
1834594
1824010
1823558
1823179
1822517
1821110
1819754
1817684
1815122
1812627
1804530
1803626
1803294
1802833
1797071
1789271
1786486
1779054
1779030
1773923
1766247
1753520
1749294
1746004
1745779
1743318
1742311
1740802
1738564
1734503
1729731
1729222
1727595
1720162
1713956
1709366
1704765
1700701
1698236
1694374
1694346
1686722
1685650
1685210
1683661
1681824
1674862
1673414
1672820
1670043
1668827
1667361
1666524
1658538
1655698
1655601
1653369
1653110
1651499
1650856
1644724
1644522
1644202
1641678
1641354
1639883
1638060
1637802
1636685
1636524
1636296
1635594
1629002
1627336
1616969
1614728
1612844
1608348
1607084
1605780
1605030
1603506
1602927
1602693
1602360
1600588
1600076
1595194
1589606
1588281
1587880
1587504
1583732
1583671
1583088
1580231
1579396
1575209
1568818
1561186
1560398
1558945
1557283
1553834
1551428
1546530
1544417
1535072
1533547
1532150
1531695
1531609
1531128
1527571
1526871
1524738
1524380
1523710
1523487
1522268
1515591
1507221
1507090
1506208
1506201
1504228
1502644
1501948
1491188
1487288
1482314
1482011
1480140
1475500
1474016
1473529
1467501
1467249
1466966
1466804
1462521
1461560
1461083
1459533
1459388
1454828
1453066
1450116
1449630
1446061
1441200
1438800
1436975
1435194
1435110
1432181
1430866
1429839
1428371
1425923
1422352
1421652
1411909
1406046
1405586
1400348
1399626
1397759
1393923
1393114
1387423
1385764
1383301
1383135
1380372
1380327
1376601
1374756
1372412
1371261
1370352
1369458
1369386
1367018
1366701
1365782
1365752
1363124
1360715
1359625
1358177
1355538
1355473
1355336
1353705
1353200
1349304
1346517
1344549
1343687
1341930
1336860
1336320
1334756
1333184
1324384
1324095
1323644
1322351
1319163
1318505
1317765
1316932
1314156
1313993
1312737
1312666
1311400
1308742
1307926
1306760
1306578
1304172
1304079
1303688
1302102
1299907
1296567
1295031
1294807
1293581
1290828
1289474
1287410
1287313
1283407
1283321
1282900
1282095
1279580
1279455
1278465
1277566
1277316
1276983
1276254
1275032
1273503
1270949
1270317
1268149
1265082
1264964
1264441
1261369
1260414
1259618
1258747
1257688
1256338
1256092
1255222
1251566
1251359
1250854
1249273
1245318
1243969
1243469
1243343
1243173
1240985
1240164
1237876
1237525
1234161
1233357
1231989
1230682
1230225
1227186
1226064
1224551
1219860
1216024
1212586
1211132
1210533
1210262
1208892
1204388
1203052
1201182
1199568
1195247
1193049
1192798
1190448
1183687
1183017
1182372
1181171
1181112
1180681
1178895
1178885
1178071
1175776
1175280
1175136
1174041
1170984
1170931
1164829
1163436
1163320
1160497
1159138
1155663
1154017
1152862
1152830
1152533
1151292
1150040
1142796
1139622
1139072
1137584
1137449
1136448
1135074
1134330
1134196
1129676
1129150
1128307
1128068
1127366
1126898
1125957
1123174
1118728
1118701
1118688
1117785
1116868
1116824
1115922
1115828
1114807
1114758
1114749
1113383
1110424
1108425
1107376
1107090
1106752
1102780
1101966
1101686
1100429
1099792
1097817
1097030
1095344
1095198
1094832
1094315
1093791
1092496
1089033
1082496
1082114
1081424
1080494
1080348
1079618
1079467
1076184
1072066
1071045
1070660
1070293
1068937
1068030
1067996
1066872
1063873
1060228
1059736
1059310
1059176
1058884
1058571
1058368
1058365
1055926
1055346
1054406
1053140
1052584
1052122
1052045
1050908
1050215
1049775
1047123
1046422
1044047
1043632
1041844
1040644
1040404
1037618
1036739
1036560
1036528
1034826
1033919
1032626
1028245
1023412
1022733
1022660
1021802
1021574
1019145
1017890
1017189
1015151
1014590
1013675
1012354
1011714
1009622
1009263
1009122
1008892
1008634
1008289
1007235
1006113
1005470
1005200
1002517
1001133
1000321
998449
996162
996045
994731
992824
992100
990720
990221
990135
988194
987722
987067
982963
982614
980974
979092
978639
977450
976927
973600
973516
973454
972317
971956
971784
970758
968650
967426
966682
966426
966359
966030
965097
964752
964271
963347
962920
962336
962320
961906
960026
960009
958618
958020
957975
956834
955900
954550
952034
951985
950076
949444
948565
947536
947199
946770
946057
946016
945386
945096
944737
943628
943217
942621
942443
935879
935515
935418
934711
933910
933645
933613
931032
930769
930103
928369
927904
926176
924994
924876
924841
924495
924249
923794
923531
922007
921696
920295
918633
918427
918365
916608
916096
915133
914114
912572
911530
910473
910460
910266
910139
909238
908868
907519
907324
906862
906712
905817
904912
903679
903404
902370
899415
899272
898958
897805
897708
897469
896621
895468
893097
889372
889209
888968
887627
887091
886319
884516
881530
879529
878949
876895
875072
874073
873976
872920
872105
871140
870704
869799
864945
864044
863416
862920
862037
861836
861750
860614
857523
857429
855663
855352
855294
854645
854088
852526
852006
851838
851713
850938
850072
848834
845170
844203
843664
841455
840872
840597
838744
838494
836360
835548
834082
833258
832706
832020
831890
830312
829273
828865
828309
828114
827682
825635
825500
825358
825292
824310
824251
823816
823059
822726
822139
820306
820209
818176
818166
817815
817735
817339
815005
814270
813273
812741
811292
810322
810282
809432
809222
808877
807851
807782
806766
806644
804435
804123
803877
801872
801719
801713
801546
801154
800914
799130
799008
797313
791337
791300
788151
788140
787903
787132
786921
786764
786059
784920
784085
783756
783172
782680
781822
781213
780393
780365
778927
778896
775600
773436
773392
773348
772849
772794
772652
771333
770909
770640
769253
768498
768415
767712
767710
766636
764456
762985
762340
762008
759636
759340
758397
757982
757088
757068
756382
755846
754496
753558
753139
752655
752178
752096
751945
751676
751185
751082
750961
750776
750624
750464
748960
748407
748313
745728
745145
743328
740219
739802
739482
738806
737731
737297
736755
735890
735577
734785
734773
734597
734535
734254
734136
733735
733620
733361
732994
732019
731846
731624
731262
729350
728618
728529
728492
728336
727716
727155
726999
724260
723878
723754
723716
723246
722496
721370
721352
720929
720733
720502
719594
719274
718862
718303
718172
718131
717467
716484
716484
716410
716404
715727
715486
715095
714052
712192
710480
709393
708870
708831
708331
707766
707530
707362
706836
706640
706253
704402
701778
700445
698318
697667
697195
696898
696000
695492
694716
693973
692617
692458
691880
690824
689374
688291
688196
687814
687774
687698
687673
687586
687473
687330
687308
686998
686878
686546
686422
686342
685674
685663
685475
685245
684336
683510
682473
680279
680034
679464
679458
678745
678246
677648
677601
677309
676517
676269
675936
675914
674324
672550
672380
671778
671583
671504
670941
670375
670202
669436
668419
668352
668106
668017
666737
664264
664261
663844
663600
662933
662803
661190
660113
659939
658772
658541
657219
656570
656019
656002
655860
655724
655565
655294
655206
654955
654920
654920
654484
654479
654392
654171
653410
652859
651872
651510
651232
650709
650143
647969
647660
646866
646533
646200
645413
645128
644533
644094
643855
643403
643078
642945
642531
641701
641699
641566
640284
639924
639514
639285
638895
638529
636210
634994
634626
634170
633829
633613
633508
632994
632792
632168
631572
631361
631112
630076
629760
629505
629434
628884
628745
626205
625930
624893
624627
624255
622918
621853
620776
620744
620377
618852
618343
617765
617728
617442
617174
616268
615179
615046
614925
613728
613064
612116
612040
610742
610558
610278
610204
609629
609600
609290
609038
608880
608400
607538
607299
607140
606880
606848
606261
605773
605576
605468
604336
604274
603956
603249
601783
601732
600289
600221
598707
598482
598419
597879
597278
596420
596103
595920
595175
595126
594751
594248
594138
593720
593326
592433
591975
590586
590475
589879
589664
589435
589056
588806
588514
588092
587954
587450
587015
585999
585703
585635
585436
585256
585082
585039
584568
584431
583967
583626
583381
582219
581966
581240
580662
580654
580456
580306
579871
579633
579631
579392
578274
578135
576993
576354
576294
575894
575253
574491
574483
574467
574452
574234
574029
573807
573373
572524
571777
571274
570242
569303
569258
569243
569123
568178
568009
567651
567077
566338
565032
564814
564452
563683
563114
563081
562376
561882
561840
561714
560865
560778
560588
560444
560246
560097
559832
559828
558978
558861
558733
558686
557592
557040
556244
556116
555541
555043
554854
554655
554262
553608
553560
553390
552943
552908
551591
551347
551167
549572
549248
549138
548816
547856
547155
546828
546805
546366
546316
544532
543321
543278
542366
541358
541222
539487
539116
537520
537470
537274
537212
537097
536428
534819
534785
534430
534239
533905
533579
533474
533250
533159
533119
532935
532884
532648
532597
532589
531632
531532
531042
530815
530541
530094
529509
529228
528397
528372
527691
527422
527384
527240
526756
526395
526131
524959
524856
524278
524254
524175
523402
522490
521956
521670
521512
521381
521272
520885
520679
520100
519978
519301
519224
519104
519088
518651
518414
518249
518174
518144
518050
517262
517139
517133
516738
516597
516099
515978
515698
515010
514700
514284
513949
513910
513622
513424
513316
513102
512571
511657
511320
511045
510946
510795
509792
509745
509211
509176
508360
508213
508193
507476
507432
507250
507235
507104
506753
506202
505884
505794
505298
504854
504774
503992
503930
503826
503343
503073
503047
502984
502432
501776
501697
501593
500654
500568
500386
500363
499912
499769
499210
498495
498205
498153
497636
497204
496946
496700
496065
495882
495747
495724
495520
495466
495171
495041
494726
494154
493903
493652
493597
492240
490808
490495
490485
489768
489384
489037
489028
488547
488376
487811
487531
487251
487056
486202
486154
486105
486036
485972
485670
484091
483040
483033
482708
482622
482616
482146
480771
480587
480432
479148
478562
478505
478413
478380
478055
477704
477582
477490
477419
477242
477028
476959
475653
475599
475485
475297
474866
474838
474666
474372
474234
474132
473656
473134
471717
471650
471486
471184
471040
470900
470877
470332
470269
469935
469905
469818
469494
469402
469313
469086
469077
468947
468764
468739
468435
468278
467930
467610
467525
467520
467469
466998
466931
465901
465339
465199
464985
464499
464329
463442
463328
462787
462149
462082
462023
462016
461863
461838
461552
461341
461057
460990
460864
460742
459812
459451
459357
459182
458906
458606
458484
458308
457712
457696
457540
457197
457122
456861
456698
456354
455635
455434
455133
455083
454885
454707
454522
453739
453638
453572
453394
453293
452648
452453
452436
452109
452084
452062
451884
451734
451709
451546
450796
450535
450418
450396
449726
449628
449413
449146
449021
448823
448265
448213
448204
447474
447243
447018
446884
446234
446168
445364
445346
445032
444856
444050
444018
443968
443813
443676
443524
443398
442784
442385
442095
441901
441883
441595
440808
440504
440296
440187
440080
439988
439952
439534
439272
439097
438064
437830
437477
437334
437127
437073
437044
436860
436107
436086
435949
435881
435784
435594
435249
435138
435111
434942
434902
434896
434878
434218
434184
433824
432887
432852
430854
430542
430470
430199
430117
430024
429716
429705
429587
429504
428968
428684
428243
427970
427599
427572
427526
427518
427343
427167
427084
425841
425172
425038
424911
424848
424363
424344
423887
423100
422970
422879
422715
422638
422056
422048
421968
421541
421500
421291
421290
420766
420199
419986
419931
419631
419139
419100
418684
418582
418271
418046
417534
417213
417088
417039
416388
416313
416257
416202
416121
415849
415847
415814
415586
415568
415265
415052
414774
414549
413800
413727
413402
413274
413262
413188
412742
412542
412344
412121
412034
411628
411565
410846
410817
410637
410366
410036
409638
409452
409385
409233
409170
409065
408950
408110
408056
407968
407958
407895
407738
407489
407466
407183
406885
406358
406326
405920
405920
405841
405693
405660
405289
405160
405159
405144
404749
404401
404399
403515
403461
403173
403004
402963
402943
402932
402832
402806
402424
402240
402152
401805
401544
401112
401039
400531
400203
400073
399902
399612
399610
399226
398845
398818
398741
398579
398474
398307
398260
398080
397934
397884
397362
397275
396754
396651
396636
396594
396579
396508
396252
396118
396088
395664
395655
395389
394849
394489
394376
394094
394087
394052
393932
393931
393744
393422
393315
393241
393202
393030
392484
392423
392142
391402
391278
391268
391124
390992
390966
390622
389996
389883
389721
389184
389136
389031
388336
387664
387554
387226
387166
386985
386771
386393
385983
385604
385497
385238
384572
384564
384521
384165
383716
383662
383274
383254
382870
382822
382713
382695
382624
382603
382537
381939
381890
381596
381578
381557
381291
381216
381196
380659
380412
380256
380112
379982
379904
379802
379746
379702
379355
379305
379262
379140
379110
379090
378864
378694
378472
378385
378323
378316
377989
377866
377635
377518
377071
377055
376765
376574
376535
376395
376255
376018
375575
375279
375129
375016
374966
374958
374904
374693
374568
374469
374384
374275
374191
374082
374013
373630
373292
373278
373090
372964
372285
372076
371810
371647
371410
371150
370626
370602
370470
370428
370245
369725
369637
369016
368635
368561
368327
367855
367582
367467
367405
367304
367292
367251
367150
367098
366706
366567
366503
366359
365962
365892
365881
365759
365368
365243
364779
364549
364506
364289
364069
363952
363932
363808
363518
363085
362946
362840
362583
362207
362169
362081
361968
361535
360683
360676
360612
360588
360121
359852
359824
359251
359250
359167
358864
358400
358150
357920
357890
357612
357292
355938
355715
355625
355506
355381
355331
355304
355127
355109
354956
354942
354815
354102
353979
353484
353324
353008
352798
352503
352458
352419
352268
352133
351742
351288
351149
350724
350502
350371
350124
350104
349818
349036
348741
348538
348171
348167
347982
347629
347333
346810
346696
346667
346510
346456
346063
345858
345736
345384
345356
344892
344830
344589
344509
344389
344121
344120
344083
343866
343838
343834
343718
343647
343522
343507
343474
343393
342976
342848
342798
342664
342458
342450
342382
342229
342214
342209
341975
341584
341548
341349
341331
341310
341263
341009
340798
340582
340504
340458
340453
340450
340350
340316
340299
340262
340180
340131
340098
339736
339687
339676
339596
339473
339372
339209
338985
338890
338792
338455
338123
338014
337887
337837
337761
337759
337401
337351
337164
337066
336970
336920
336787
336561
336391
336224
336121
336093
336054
335874
335863
335750
335728
335692
335076
335072
335024
335002
334729
334704
333924
333905
333805
333719
333518
333073
332684
332491
332402
332324
332295
332122
332093
331780
331280
331237
331066
330902
330896
330558
330546
330176
330130
330104
330052
329837
329578
329268
329217
329171
329147
328976
328635
328532
328392
328388
327819
327714
327078
326823
326777
326432
326268
326069
325970
325925
325878
325845
325754
325689
325606
325530
325522
325120
324887
324698
324269
323973
323861
323782
323711
323480
323429
323044
322624
322296
321737
321688
321595
321315
321299
321172
321120
320694
320505
320320
320276
320239
320201
319809
319345
319229
318455
318437
318249
318082
318068
317931
317836
317457
316988
316914
316890
316722
316721
316616
316496
316344
316310
316122
315928
315668
315657
315625
315514
315475
315294
315049
315015
314889
314636
314106
313982
313913
313794
313692
313614
313405
313324
312909
312547
312487
312486
312245
312169
312162
312137
312036
311693
311655
311472
311459
310947
310942
310740
310738
310714
310571
310516
310496
310254
310177
310144
310025
310005
309938
309881
309677
309609
309016
308903
308834
308809
308512
308203
308144
308049
308024
307413
307155
307142
306778
306748
306119
306052
305991
305904
305864
305628
305622
305300
305060
305023
304755
304719
304704
304620
304606
304506
304372
304329
304053
303998
303970
303946
303732
303642
303353
303284
303156
303126
302968
302774
302616
302520
302439
302402
302288
302273
302046
301959
301769
301716
301525
301440
301337
301254
301004
300968
300814
300613
300586
300075
300073
299906
299900
299886
299842
299603
299566
298654
298564
298474
298454
298374
298289
298282
298272
298171
298132
297926
297894
297872
297815
297562
297168
297097
296982
296549
296365
296355
296252
296126
295892
295662
295482
295458
295392
295142
295142
294822
294539
294253
294231
294144
294034
293822
293724
293683
293404
293346
293207
293109
293085
292791
292539
292309
292286
292172
292108
291920
291800
291788
291549
291521
291179
291108
291098
290893
290837
290686
290630
290475
290243
290216
290140
289991
289894
289844
289761
289299
289097
289085
289053
289011
288995
288992
288934
288739
288398
288341
288207
287930
287823
287664
287586
287522
287480
287400
287386
287313
287087
286835
286781
286664
286598
286357
286352
286344
286308
286188
286152
286129
286125
286062
285945
285637
285426
284922
284907
284738
284620
284560
284412
284341
284186
283937
283851
283819
283741
283682
283584
283366
283238
282839
282829
282791
282763
282570
282564
282536
282377
282369
282354
282326
281990
281979
281835
281799
281709
281573
281568
281478
281448
281106
280758
280680
280642
280556
280537
280248
280187
279964
279781
279773
279640
279533
279314
279120
278964
278810
278779
278731
278532
278372
278348
278340
278138
278015
277992
277826
277591
277551
277092
276987
276911
276874
276846
276431
276078
276000
275966
275938
275903
275540
275502
275358
275298
275184
275142
275116
275055
274957
274750
274701
274565
274444
273616
273454
273393
273391
273352
273223
273111
273098
273033
273003
272969
272888
272808
272554
272436
272257
272193
272104
271908
271792
271756
271638
271464
271242
271215
271114
270927
270848
270752
270752
270746
270633
270624
270488
270234
270145
270092
269652
269549
269472
269402
269341
269232
268238
268119
268024
268011
267874
267828
267565
267465
267360
267021
266939
266771
266658
266546
266537
266477
266451
266365
266277
266138
266023
266000
265724
265547
265338
265285
265261
265244
265204
265071
264768
264704
264649
264645
264574
264504
264495
264471
264392
264264
264158
264116
264006
263781
263740
263598
263425
263388
263273
263259
263132
262845
262698
262641
262606
262557
262332
262310
262182
262026
261994
261789
261670
261670
261438
261115
261031
261021
261021
260994
260477
260466
260290
259987
259958
259673
259537
258912
258788
258730
258602
258428
258411
258361
258358
258284
258208
258130
258094
258014
257874
257708
257600
257426
257340
257277
256932
256906
256902
256851
256763
256691
256660
256606
256511
256500
256450
256111
256003
255801
255777
255741
255652
255468
255283
255280
255270
255183
255170
255159
254910
254607
254324
254231
254210
254186
254051
253980
253768
253738
253678
253490
253446
253327
252980
252925
252842
252639
252170
252052
251930
251804
251800
251766
251624
251457
251416
251412
251242
251193
251101
251069
250746
250593
250512
250375
250371
250336
250302
250296
250107
250094
249946
249933
249880
249859
249851
249828
249801
249693
249665
249487
249478
249272
249148
249038
249036
248950
248934
248850
248800
248713
248694
248676
248521
248386
248366
248231
248152
248120
247959
247859
247855
247714
247708
247571
247566
247462
247127
247006
246978
246804
246752
246672
246610
246560
246537
246500
246326
246271
246207
246177
246138
246095
245976
245820
245805
245744
245583
245419
245410
245259
245164
245144
244987
244918
244893
244855
244793
244737
244564
244486
244381
244258
244257
244158
244136
243619
243601
243565
243560
243504
243186
243102
243062
242948
242946
242917
242706
242676
242654
242586
242573
242490
242380
242289
242250
242177
242122
241994
241662
241452
241248
241236
241211
241121
241042
240852
240789
240549
240533
240363
240345
240189
240037
240033
239969
239931
239917
239776
239753
239702
239515
239473
239288
239284
238950
238880
238879
238836
238732
238701
238618
238608
238496
238376
238373
238252
238239
238212
238202
237990
237898
237805
237803
237609
237442
237287
237258
237064
237034
236521
236445
236408
236405
236253
236245
236208
236186
236180
236154
236018
235992
235950
235879
235830
235665
235586
235561
235561
235372
235196
235178
235026
235006
234996
234966
234864
234647
234643
234570
234460
234336
234277
234261
234222
234182
234104
233922
233915
233838
233830
233753
233716
233476
233466
233371
233289
233246
233205
233196
233155
233074
233056
232943
232692
232554
232516
232446
232439
232364
232356
232258
232190
232186
232028
231762
231711
231604
231491
231434
231337
231196
231116
231109
230724
230582
230580
230503
230430
230428
230358
230340
230313
230191
230106
230040
229965
229858
229762
229740
229594
229584
229490
229423
229269
229182
229080
229010
229001
228992
228944
228912
228790
228726
228692
228685
228476
228474
228385
228356
228332
228057
227968
227807
227802
227773
227637
227636
227523
227448
227358
226981
226908
226805
226671
226641
226517
226472
226427
226353
226266
226218
226147
225843
225834
225772
225724
225707
225601
225476
225310
225258
225095
224868
224690
224669
224656
224581
224454
224439
224407
224391
224241
224213
224176
224163
224016
223934
223913
223904
223824
223790
223656
223610
223575
223512
223399
223338
223290
223282
223198
223172
223148
223067
223055
222954
222912
222908
222856
222840
222832
222742
222741
222727
222633
222607
222536
222516
222487
222366
222283
222279
222191
222088
221854
221705
221590
221583
221406
221175
221094
221081
221037
221034
220942
220855
220672
220618
220569
220522
220485
220440
220440
220369
220232
220211
220153
220070
220041
219984
219910
219904
219804
219770
219744
219676
219621
219550
219386
219336
219326
219252
219174
219165
219152
219065
219029
218994
218980
218978
218887
218886
218812
218742
218686
218435
218420
218258
217716
217535
217505
217491
217488
217425
217422
217416
217240
217170
217144
217112
217098
217047
216972
216748
216736
216644
216624
216608
216569
216532
216192
216125
216016
216012
215969
215940
215895
215874
215851
215782
215597
215476
215458
215435
215427
215390
215388
215368
215298
214806
214804
214790
214779
214704
214584
214447
214365
214212
214132
213775
213670
213632
213590
213524
213518
213464
213424
213361
213137
213112
213103
213070
213035
213000
212903
212890
212809
212732
212726
212691
212676
212648
212519
212490
212301
212182
212172
212165
212089
212042
211812
211800
211286
211097
211008
210859
210804
210772
210744
210636
210609
210517
210445
210320
210303
210098
210088
209936
209918
209749
209740
209594
209507
209330
209299
209281
209086
208984
208940
208883
208795
208766
208764
208740
208376
208118
208101
208076
207932
207906
207804
207521
207511
207436
207408
207235
207129
207083
207055
206932
206852
206849
206829
206763
206616
206474
206203
206174
206098
206047
205854
205804
205735
205687
205638
205609
205550
205495
205458
205454
205448
205318
205255
204940
204499
204460
204259
204142
204130
204100
204063
204032
203967
203780
203731
203526
203460
203421
203404
203400
203352
203244
203107
203079
203026
202982
202973
202944
202882
202750
202632
202572
202531
202348
202316
202194
201952
201931
201712
201709
201645
201575
201561
201406
201382
201348
201260
201206
201186
201071
200920
200860
200770
200764
200744
200715
200658
200619
200576
200444
200416
200402
200346
200326
200290
200233
200191
200185
200158
200135
199955
199920
199841
199705
199629
199617
199547
199440
199421
199392
199373
199335
199286
199124
198912
198886
198804
198752
198676
198651
198607
198604
198589
198587
198484
198168
198114
198078
198025
197894
197894
197756
197677
197670
197654
197619
197606
197579
197503
197381
197296
197218
197190
197097
197022
196990
196985
196867
196858
196850
196745
196745
196696
196639
196638
196621
196462
196354
196296
196250
196228
196206
196166
196151
196101
196028
195982
195950
195889
195715
195686
195606
195604
195602
195467
195462
195405
195384
195250
195157
195153
195116
195061
195057
195013
194982
194874
194826
194819
194776
194764
194762
194758
194680
194364
194227
194184
194024
193844
193823
193763
193760
193756
193742
193629
193519
193514
193472
193430
193316
193257
193203
193139
193121
192902
192891
192687
192579
192504
192497
192486
192368
192324
192258
192149
192075
191904
191769
191769
191622
191535
191521
191510
191481
191406
191377
191370
191312
191236
191198
191055
191020
190937
190936
190890
190812
190760
190708
190671
190599
190567
190530
190358
190350
190323
190287
190237
190224
190176
190171
190064
189988
189827
189753
189723
189698
189623
189602
189601
189426
189364
189319
189303
189066
189063
189048
188995
188916
188862
188860
188714
188687
188621
188518
188410
188129
188124
188087
188064
188017
187975
187900
187870
187824
187822
187810
187789
187746
187742
187646
187488
187453
187446
187349
187302
187171
187158
187110
186726
186716
186533
186484
186266
186255
186240
186222
186108
185944
185835
185707
185622
185618
185543
185460
185457
185437
185336
185305
185200
185088
185083
185082
185052
185005
184968
184953
184866
184829
184741
184612
184556
184525
184469
184298
184287
184192
184124
184055
184049
184034
184013
184002
183993
183824
183823
183794
183792
183784
183728
183727
183724
183656
183638
183557
183466
183427
183386
183351
183332
183323
183218
183215
183007
182983
182920
182903
182898
182775
182729
182659
182600
182562
182514
182448
182382
182351
182282
182270
182253
182244
182150
182140
182128
181980
181925
181756
181720
181710
181542
181522
181430
181374
181305
181300
181281
181280
181218
181179
181172
181138
181113
181078
181068
181065
181043
180973
180940
180879
180865
180861
180736
180578
180513
180503
180300
180272
180239
180210
180110
180099
180062
180006
179948
179934
179932
179928
179916
179905
179874
179786
179681
179614
179612
179572
179533
179484
179305
179269
179078
178946
178923
178815
178806
178758
178757
178652
178643
178637
178535
178491
178447
178438
178387
178376
178350
178146
178068
178060
178018
177947
177756
177753
177683
177576
177571
177570
177554
177454
177365
177323
177321
177315
177308
177268
177240
177234
177142
177064
176984
176919
176873
176820
176755
176740
176722
176692
176666
176586
176525
176522
176466
176410
176355
176338
176306
176294
176252
176249
176235
176225
176184
176162
176140
176137
176116
176094
176081
176052
176016
175957
175836
175749
175594
175548
175532
175470
175404
175377
175376
175280
175267
175203
175183
175034
174928
174897
174895
174882
174801
174786
174686
174683
174664
174582
174561
174525
174484
174396
174343
174258
174257
174256
174234
174046
174014
173929
173821
173693
173647
173640
173570
173550
173534
173298
173284
173260
173166
173160
173155
173134
173085
173026
172855
172707
172704
172664
172649
172639
172619
172513
172486
172480
172472
172465
172450
172438
172428
172416
172360
172318
172126
171955
171874
171853
171840
171835
171819
171815
171814
171774
171767
171700
171675
171653
171563
171523
171457
171389
171250
171232
171152
171101
171042
171016
170980
170849
170846
170652
170626
170586
170537
170494
170418
170401
170400
170368
170333
170256
170240
170181
170140
170063
170038
170021
169990
169986
169954
169808
169774
169730
169726
169680
169661
169637
169607
169577
169576
169475
169466
169447
169412
169392
169336
169308
169287
169177
169014
169006
168995
168958
168845
168755
168732
168683
168679
168641
168638
168490
168437
168402
168396
168342
168326
168276
168247
168172
168114
168064
168062
168042
168022
167963
167888
167877
167811
167808
167762
167703
167697
167652
167614
167582
167477
167394
167339
167334
167293
167244
167236
167205
167179
167174
167087
167084
167072
167046
166991
166916
166891
166713
166554
166504
166482
166457
166456
166414
166402
166399
166373
166370
166363
166330
166307
166272
166125
166030
165886
165666
165645
165564
165535
165487
165401
165386
165370
165264
165248
165189
165173
165046
165004
164993
164949
164878
164789
164783
164774
164710
164627
164561
164521
164470
164463
164460
164431
164426
164235
164102
164058
164036
164028
163996
163949
163827
163825
163821
163796
163786
163782
163762
163643
163541
163505
163460
163420
163389
163388
163388
163299
163269
163176
163057
162933
162888
162854
162829
162714
162633
162590
162522
162460
162397
162390
162382
162367
162250
162205
162179
162144
162042
161984
161909
161872
161760
161738
161712
161452
161330
160999
160976
160867
160866
160844
160809
160740
160632
160629
160626
160609
160570
160560
160504
160413
160359
160332
160299
160230
160229
160214
160176
160136
160084
159949
159936
159925
159909
159906
159736
159713
159610
159582
159582
159568
159552
159479
159478
159462
159447
159269
159248
159220
159199
159191
159170
159130
159002
158886
158879
158826
158822
158816
158646
158640
158640
158574
158560
158408
158385
158328
158317
158284
158280
158146
158123
158076
158068
158008
157981
157965
157938
157918
157916
157899
157847
157774
157692
157686
157664
157648
157647
157599
157502
157473
157458
157404
157382
157380
157289
157244
157243
157163
157137
157095
157038
157030
157004
156974
156909
156902
156901
156881
156808
156736
156642
156639
156493
156462
156396
156378
156349
156335
156230
156227
156183
156130
156117
156087
156083
155910
155902
155874
155796
155746
155745
155713
155676
155636
155622
155523
155504
155478
155437
155380
155352
155343
155272
155211
155194
155147
155073
155064
155058
155049
155030
155022
154975
154917
154916
154914
154864
154838
154818
154808
154786
154667
154662
154588
154556
154527
154505
154496
154453
154308
154295
154242
154241
154188
154172
154104
154090
154050
154018
154014
153964
153956
153933
153928
153918
153899
153801
153762
153732
153713
153709
153704
153686
153525
153478
153387
153353
153336
153308
153297
153244
153237
153231
153223
153150
153140
153130
153104
153013
152955
152935
152857
152780
152762
152745
152697
152667
152643
152635
152620
152560
152546
152523
152465
152456
152430
152427
152392
152373
152297
152279
152276
152273
152240
152163
152137
152100
152097
152084
152066
151980
151974
151920
151906
151879
151868
151810
151645
151533
151516
151492
151439
151384
151329
151292
151260
151242
151202
151186
151185
151164
151100
151076
151060
150981
150972
150956
150925
150896
150842
150828
150801
150742
150735
150721
150653
150642
150631
150588
150559
150552
150523
150502
150467
150461
150442
150367
150326
150237
150234
150213
150192
150185
150172
150167
150136
150096
149976
149973
149964
149910
149908
149895
149739
149609
149553
149504
149487
149407
149341
149334
149243
149184
149115
149073
149044
149042
148959
148915
148911
148856
148852
148851
148766
148745
148737
148677
148668
148650
148494
148470
148466
148459
148197
148188
148146
148122
148080
148080
148044
148025
147985
147948
147888
147858
147843
147836
147818
147761
147703
147680
147607
147580
147562
147459
147420
147420
147419
147380
147321
147257
147235
147194
147088
147032
147024
147004
146941
146910
146891
146876
146774
146666
146647
146605
146580
146578
146576
146474
146443
146349
146318
146154
146154
146118
146088
145930
145859
145857
145786
145771
145742
145726
145696
145665
145583
145531
145508
145498
145486
145457
145413
145403
145368
145352
145334
145282
145234
145208
145186
145156
145037
145022
144999
144964
144927
144844
144837
144800
144770
144742
144736
144681
144596
144544
144468
144428
144373
144371
144344
144325
144300
144264
144221
144190
144186
143980
143978
143943
143930
143885
143875
143851
143628
143569
143538
143508
143496
143459
143384
143361
143300
143268
143231
143231
143157
143147
142961
142847
142839
142701
142696
142577
142499
142494
142434
142428
142418
142279
142257
142213
142182
142160
142111
142028
141983
141978
141963
141888
141867
141862
141768
141753
141738
141599
141546
141524
141517
141430
141360
141349
141309
141294
141280
141192
141165
141132
141119
141064
141027
141006
140917
140877
140789
140784
140773
140752
140718
140602
140592
140536
140391
140359
140331
140281
140262
140222
140210
140134
140118
140102
140090
140074
140072
140033
139983
139918
139890
139872
139850
139828
139788
139723
139716
139710
139676
139665
139627
139616
139593
139548
139536
139528
139511
139486
139466
139387
139266
139169
139169
139156
139126
139080
139052
139039
139009
138958
138910
138885
138806
138795
138773
138750
138578
138523
138460
138198
138158
138154
138142
138140
138129
138094
138073
138008
138007
137984
137977
137947
137919
137870
137860
137802
137788
137705
137619
137600
137568
137550
137456
137454
137449
137371
137358
137326
137098
137098
137094
137077
136929
136909
136902
136832
136806
136736
136707
136612
136609
136607
136596
136580
136536
136518
136513
136472
136462
136426
136417
136352
136342
136332
136310
136304
136256
136199
136170
136127
136093
136089
136082
136077
136065
136009
135987
135927
135876
135860
135791
135771
135751
135731
135730
135693
135692
135668
135591
135584
135577
135554
135550
135539
135532
135506
135467
135448
135447
135446
135440
135403
135392
135341
135332
135305
135295
135285
135273
135272
135272
135250
135248
135227
135224
135187
135176
135166
135104
135052
134909
134839
134726
134619
134616
134586
134573
134561
134552
134521
134510
134487
134436
134424
134412
134390
134373
134346
134280
134259
134254
134188
134115
134070
134031
133951
133944
133942
133908
133892
133800
133792
133741
133710
133702
133681
133668
133627
133525
133511
133457
133354
133187
133177
133172
133162
133140
133110
133080
132850
132806
132802
132752
132721
132662
132496
132481
132453
132414
132404
132392
132367
132366
132359
132322
132310
132299
132293
132292
132264
132214
132173
132164
132144
132137
132105
132064
132048
131991
131963
131956
131848
131716
131707
131640
131628
131610
131592
131584
131566
131556
131527
131434
131432
131383
131382
131368
131338
131300
131210
131176
131146
131082
131025
130928
130916
130792
130764
130762
130675
130646
130628
130627
130590
130543
130542
130539
130538
130522
130470
130463
130436
130426
130376
130269
130239
130235
130161
130124
130117
130090
130085
129955
129915
129862
129862
129849
129830
129822
129768
129765
129752
129742
129740
129716
129699
129686
129644
129642
129600
129576
129528
129527
129514
129454
129350
129338
129294
129288
129284
129261
129254
129253
129240
129212
129146
129146
129137
129096
129092
129061
129049
129045
129042
129034
129024
128998
128960
128895
128856
128850
128842
128803
128799
128774
128719
128710
128679
128646
128587
128546
128510
128496
128492
128393
128372
128256
128176
128146
128138
128092
128065
127955
127946
127828
127762
127752
127748
127744
127732
127729
127714
127679
127676
127669
127663
127658
127641
127545
127516
127511
127393
127384
127305
127299
127228
127219
127218
127203
127200
127180
127147
127078
127077
127066
127011
126899
126860
126822
126820
126747
126739
126721
126691
126687
126663
126636
126610
126600
126555
126555
126546
126501
126406
126319
126315
126290
126278
126264
126169
126156
126106
126040
126019
126008
125932
125919
125919
125891
125883
125829
125824
125795
125763
125761
125707
125617
125514
125506
125465
125434
125414
125389
125374
125306
125292
125283
125169
125016
124990
124917
124888
124844
124830
124819
124818
124812
124722
124628
124624
124620
124530
124506
124501
124464
124398
124395
124362
124337
124307
124257
124247
124217
124176
124168
124161
124114
124084
124038
124014
123992
123981
123976
123963
123931
123918
123909
123743
123743
123727
123693
123658
123656
123630
123618
123552
123550
123534
123512
123508
123489
123477
123472
123454
123415
123411
123406
123396
123317
123250
123224
123200
123156
123148
123131
123130
123098
123085
123082
123076
123048
123008
123004
122988
122980
122968
122948
122920
122838
122830
122802
122780
122776
122718
122697
122683
122662
122644
122643
122609
122559
122506
122493
122483
122466
122424
122362
122292
122211
122186
122166
122153
122151
122140
122137
122122
122116
122108
122095
122082
122046
122008
121991
121965
121902
121863
121823
121738
121725
121698
121680
121659
121636
121609
121570
121492
121490
121464
121380
121355
121316
121274
121251
121248
121240
121224
121213
121194
121188
121132
121092
121050
121038
120985
120980
120970
120935
120932
120901
120888
120878
120861
120826
120778
120677
120603
120572
120561
120560
120554
120531
120517
120510
120508
120506
120493
120483
120471
120461
120453
120449
120431
120365
120361
120278
120225
120213
120198
120171
120162
120146
120140
120124
120038
120004
120002
119973
119968
119956
119933
119931
119888
119854
119846
119829
119828
119802
119754
119735
119733
119718
119693
119685
119667
119649
119626
119590
119541
119516
119479
119460
119444
119408
119397
119382
119369
119355
119339
119337
119298
119238
119226
119224
119208
119198
119180
119124
119122
119110
119082
119008
118986
118968
118831
118786
118727
118706
118700
118675
118622
118609
118595
118591
118577
118552
118549
118548
118532
118505
118497
118492
118420
118406
118374
118366
118308
118304
118297
118101
118084
118068
118060
118038
118026
118024
117984
117979
117940
117936
117895
117868
117825
117766
117746
117715
117686
117684
117658
117653
117645
117569
117560
117536
117503
117492
117421
117414
117404
117369
117334
117332
117330
117309
117274
117273
117272
117260
117259
117256
117242
117220
117193
117179
117161
117156
117140
117128
117111
117084
117067
117039
117011
116992
116991
116932
116828
116814
116783
116758
116744
116719
116637
116628
116617
116546
116492
116460
116456
116412
116403
116376
116268
116264
116262
116207
116154
116141
116136
116132
116121
116031
116024
116017
116008
115937
115926
115868
115863
115855
115834
115828
115800
115799
115783
115760
115738
115707
115644
115634
115528
115505
115485
115484
115469
115462
115457
115430
115304
115296
115291
115266
115259
115194
115176
115146
115139
115104
115089
115072
115067
115050
114992
114983
114975
114953
114909
114900
114898
114845
114820
114814
114789
114784
114769
114743
114656
114653
114625
114542
114492
114483
114460
114447
114440
114420
114409
114399
114390
114388
114387
114370
114307
114298
114212
114177
114173
114172
114170
114110
114093
114085
114046
114021
113998
113958
113852
113851
113842
113731
113710
113688
113686
113674
113657
113644
113622
113595
113582
113576
113574
113570
113564
113542
113530
113498
113457
113443
113434
113412
113373
113337
113302
113293
113249
113211
113209
113208
113207
113159
113150
113148
113111
113064
113056
113054
113031
113019
113006
112986
112951
112944
112833
112787
112757
112721
112716
112650
112644
112640
112605
112597
112552
112505
112465
112454
112415
112387
112360
112329
112290
112282
112188
112174
112131
112112
112026
112022
112011
112009
112008
112006
111935
111930
111928
111892
111887
111871
111869
111753
111743
111731
111714
111682
111670
111594
111565
111512
111507
111482
111436
111385
111360
111357
111303
111262
111248
111236
111210
111186
111168
111011
111000
110980
110940
110934
110928
110887
110876
110844
110843
110797
110794
110793
110762
110751
110731
110709
110693
110682
110662
110639
110621
110606
110588
110578
110547
110476
110462
110456
110440
110380
110379
110376
110369
110365
110362
110327
110317
110310
110307
110289
110271
110262
110254
110228
110221
110139
110102
110083
110078
110040
110037
110024
109991
109979
109978
109976
109975
109968
109924
109918
109910
109865
109854
109766
109737
109735
109731
109728
109725
109700
109682
109649
109600
109587
109554
109545
109507
109484
109453
109426
109408
109377
109360
109278
109260
109228
109215
109173
109158
109144
109118
109069
109042
109026
109022
109007
108978
108954
108953
108949
108935
108927
108918
108884
108862
108835
108835
108817
108812
108808
108804
108764
108764
108744
108689
108681
108668
108630
108628
108609
108580
108557
108550
108530
108493
108484
108438
108411
108386
108356
108343
108317
108304
108259
108127
108127
108081
108052
108025
108012
108004
107948
107944
107921
107911
107896
107894
107876
107766
107734
107662
107602
107600
107576
107572
107529
107426
107421
107400
107378
107328
107323
107322
107318
107301
107298
107237
107229
107130
107088
107082
107072
107057
107025
107015
107006
106975
106972
106950
106898
106885
106807
106805
106791
106766
106753
106747
106727
106700
106694
106612
106603
106596
106590
106548
106508
106487
106428
106428
106387
106355
106304
106289
106275
106238
106190
106160
106122
106088
106082
106036
106030
105946
105939
105936
105888
105865
105853
105767
105759
105758
105756
105735
105727
105663
105659
105659
105654
105592
105553
105552
105545
105537
105505
105445
105420
105412
105407
105380
105364
105342
105332
105290
105265
105264
105249
105200
105196
105174
105168
105168
105064
105038
105004
105000
104991
104967
104965
104950
104919
104905
104862
104845
104809
104772
104768
104738
104737
104724
104722
104689
104669
104660
104642
104629
104625
104594
104588
104553
104550
104513
104422
104410
104374
104355
104342
104284
104164
104160
104140
104138
104136
104130
104130
104098
104071
104052
104032
104032
103981
103964
103905
103878
103857
103841
103821
103804
103760
103759
103759
103758
103748
103727
103710
103623
103610
103583
103580
103539
103512
103461
103382
103380
103368
103360
103357
103334
103297
103280
103275
103241
103238
103222
103208
103197
103194
103188
103162
103148
103138
103108
103078
103071
103036
103013
102987
102914
102860
102848
102839
102825
102816
102803
102798
102796
102745
102735
102733
102724
102713
102701
102698
102677
102603
102602
102584
102578
102536
102497
102486
102481
102423
102382
102354
102327
102325
102307
102300
102280
102264
102261
102256
102226
102205
102199
102196
102189
102167
102162
102119
102114
102089
102022
102008
101985
101973
101947
101891
101825
101778
101720
101691
101682
101670
101640
101630
101588
101582
101571
101559
101535
101528
101520
101482
101422
101412
101410
101406
101397
101394
101359
101333
101318
101313
101307
101272
101194
101154
101133
101071
101032
101008
100990
100951
100940
100874
100862
100824
100800
100760
100756
100755
100717
100693
100680
100659
100638
100631
100614
100590
100579
100575
100574
100519
100452
100444
100432
100431
100431
100394
100378
100335
100318
100311
100309
100305
100287
100282
100280
100270
100253
100202
100195
100176
100170
100161
100155
100144
100125
100121
100113
100107
100028
100018
100000
99983
99962
99957
99922
99914
99893
99836
99834
99792
99784
99767
99762
99741
99725
99716
99712
99710
99694
99678
99652
99644
99579
99578
99556
99554
99517
99512
99496
99419
99410
99375
99344
99310
99310
99303
99260
99256
99225
99144
99122
99116
99095
99055
99030
99027
99005
99004
98996
98984
98978
98968
98956
98935
98893
98771
98768
98715
98700
98636
98612
98588
98558
98557
98544
98542
98529
98518
98504
98502
98488
98483
98476
98475
98419
98388
98344
98330
98312
98304
98300
98286
98205
98193
98160
98159
98150
98149
98124
98122
98100
98099
98096
98076
98071
98062
98012
98003
97989
97934
97923
97915
97880
97875
97851
97848
97806
97791
97784
97780
97756
97694
97649
97640
97620
97596
97596
97594
97591
97562
97560
97516
97509
97504
97494
97477
97475
97473
97418
97398
97349
97348
97347
97325
97313
97212
97212
97203
97186
97179
97159
97151
97119
97118
97117
97086
97040
97001
96992
96988
96933
96929
96850
96805
96792
96783
96782
96777
96759
96727
96717
96712
96702
96698
96698
96638
96636
96614
96608
96605
96595
96578
96533
96524
96504
96494
96490
96442
96440
96432
96431
96420
96413
96389
96355
96311
96271
96259
96217
96200
96174
96135
96128
96110
96104
96091
96065
96047
96034
96020
96012
95994
95984
95935
95932
95904
95776
95770
95701
95695
95653
95645
95566
95546
95545
95541
95532
95527
95505
95498
95491
95472
95461
95445
95408
95404
95356
95355
95349
95328
95309
95283
95277
95245
95230
95185
95150
95148
95127
95126
95118
95105
95104
95102
95048
95015
95012
95003
94999
94986
94974
94966
94966
94944
94944
94938
94928
94919
94916
94916
94848
94822
94806
94779
94778
94772
94770
94764
94689
94636
94602
94598
94590
94583
94538
94531
94517
94491
94470
94446
94425
94376
94354
94306
94290
94280
94275
94260
94255
94238
94234
94212
94140
94136
94115
94114
94088
94086
94044
94043
93996
93971
93954
93928
93922
93920
93909
93900
93888
93837
93835
93824
93812
93778
93772
93765
93720
93707
93657
93632
93630
93624
93611
93601
93580
93559
93555
93549
93507
93507
93493
93483
93476
93475
93463
93461
93396
93386
93376
93366
93329
93317
93312
93301
93260
93246
93244
93240
93205
93199
93198
93151
93141
93132
93097
93080
93080
93076
93074
93062
93056
93036
93031
93008
92996
92983
92966
92887
92856
92822
92802
92800
92797
92794
92775
92765
92760
92759
92714
92594
92576
92570
92566
92556
92547
92512
92501
92395
92364
92355
92322
92321
92302
92293
92266
92243
92227
92211
92138
92096
92078
92036
92023
92016
92007
91978
91952
91932
91895
91886
91882
91864
91834
91832
91784
91762
91750
91741
91739
91736
91722
91698
91691
91675
91668
91651
91587
91575
91569
91505
91436
91430
91428
91401
91396
91366
91357
91330
91325
91267
91266
91224
91215
91178
91159
91156
91113
91085
91077
91076
91043
91014
91004
91002
91000
90991
90984
90980
90912
90884
90882
90879
90877
90871
90864
90836
90814
90808
90770
90758
90755
90755
90719
90688
90664
90613
90606
90603
90574
90570
90544
90539
90526
90523
90522
90467
90461
90424
90406
90389
90378
90362
90354
90344
90341
90339
90326
90316
90313
90307
90234
90233
90212
90203
90173
90157
90145
90140
90135
90121
90082
90064
90052
90028
90003
89991
89907
89885
89885
89840
89815
89788
89767
89754
89720
89705
89698
89694
89688
89684
89672
89672
89668
89635
89622
89620
89606
89582
89559
89550
89526
89520
89520
89507
89452
89426
89400
89392
89369
89356
89282
89240
89220
89198
89194
89088
89072
89058
89045
89026
88969
88968
88965
88912
88906
88896
88878
88874
88848
88821
88802
88802
88771
88769
88764
88735
88725
88710
88698
88690
88683
88662
88635
88632
88622
88613
88595
88594
88576
88502
88502
88500
88489
88483
88476
88457
88396
88393
88390
88378
88372
88369
88336
88332
88328
88308
88288
88277
88266
88254
88237
88183
88183
88182
88178
88134
88128
88070
88002
87988
87981
87973
87963
87959
87934
87926
87892
87861
87852
87830
87822
87816
87799
87767
87722
87686
87653
87641
87592
87574
87543
87500
87485
87457
87432
87386
87380
87374
87354
87350
87323
87308
87298
87288
87240
87238
87203
87171
87130
87111
87108
87096
87049
87023
86961
86956
86955
86948
86947
86937
86908
86898
86891
86890
86866
86858
86844
86842
86807
86782
86782
86773
86772
86760
86751
86667
86656
86648
86642
86634
86623
86602
86596
86594
86583
86572
86572
86557
86556
86538
86531
86456
86448
86398
86393
86361
86342
86324
86307
86304
86295
86276
86262
86257
86255
86213
86188
86185
86182
86156
86148
86137
86128
86113
86082
86079
86067
86019
86004
85988
85976
85962
85960
85948
85875
85873
85839
85824
85728
85721
85710
85701
85699
85670
85611
85603
85598
85587
85576
85550
85538
85523
85521
85501
85476
85468
85461
85428
85424
85396
85379
85357
85354
85345
85340
85333
85329
85322
85320
85295
85288
85273
85270
85236
85218
85217
85214
85208
85196
85138
85125
85111
85101
85083
85048
85038
85028
85026
84982
84954
84934
84924
84921
84913
84873
84872
84862
84804
84797
84786
84777
84734
84709
84688
84677
84667
84648
84594
84561
84544
84543
84516
84478
84459
84456
84434
84412
84397
84392
84387
84357
84337
84317
84273
84273
84206
84196
84186
84183
84174
84168
84161
84149
84148
84137
84114
84105
84086
84078
84071
84054
84040
84038
84029
84003
83997
83993
83985
83984
83982
83976
83973
83962
83951
83882
83862
83856
83835
83826
83807
83748
83740
83736
83735
83727
83719
83719
83694
83689
83680
83678
83639
83628
83628
83624
83620
83618
83608
83606
83569
83558
83518
83510
83484
83458
83422
83414
83384
83376
83375
83374
83368
83368
83335
83314
83306
83285
83247
83223
83196
83182
83174
83149
83145
83139
83132
83124
83092
83083
83066
83061
83041
83021
83019
83015
83011
82951
82944
82902
82885
82883
82882
82878
82867
82863
82858
82828
82821
82817
82815
82814
82807
82768
82764
82762
82755
82702
82694
82687
82644
82637
82632
82620
82617
82614
82596
82590
82590
82566
82548
82539
82536
82535
82522
82510
82507
82506
82505
82503
82452
82443
82438
82424
82419
82409
82397
82392
82383
82373
82368
82359
82355
82350
82346
82335
82332
82321
82318
82311
82306
82297
82278
82260
82260
82243
82235
82229
82224
82200
82188
82152
82124
82122
82110
82096
82075
82009
81970
81957
81937
81890
81886
81874
81849
81843
81809
81789
81766
81764
81746
81735
81642
81624
81624
81622
81594
81592
81578
81569
81558
81520
81483
81481
81473
81464
81464
81456
81449
81404
81392
81374
81373
81360
81346
81308
81307
81273
81265
81256
81244
81231
81167
81157
81128
81126
81115
81102
81100
81089
81071
81065
81054
81028
80994
80913
80866
80864
80862
80852
80846
80839
80814
80776
80770
80764
80760
80749
80708
80615
80613
80611
80604
80597
80587
80576
80571
80551
80542
80520
80505
80504
80500
80465
80464
80435
80419
80418
80405
80397
80368
80352
80347
80340
80335
80334
80330
80298
80269
80242
80196
80161
80155
80143
80137
80135
80126
80124
80113
80101
80050
80004
80004
80001
79991
79974
79969
79968
79964
79952
79948
79944
79941
79885
79884
79869
79852
79839
79808
79799
79786
79767
79749
79722
79720
79719
79707
79697
79656
79613
79610
79605
79582
79580
79570
79554
79507
79502
79457
79449
79442
79438
79432
79378
79374
79367
79294
79292
79279
79269
79257
79232
79217
79206
79203
79200
79196
79193
79184
79130
79113
79101
79100
79090
79069
79062
79038
79035
79007
79004
79004
78989
78987
78976
78963
78946
78890
78881
78816
78798
78794
78781
78756
78686
78651
78642
78620
78616
78612
78582
78578
78556
78550
78538
78530
78518
78512
78509
78502
78466
78439
78427
78423
78402
78398
78388
78344
78292
78267
78235
78203
78184
78156
78118
78115
78110
78106
78098
78098
78096
78094
78085
78084
78064
78064
78056
78022
78022
78006
78004
78001
77998
77995
77979
77964
77952
77922
77920
77920
77914
77902
77862
77817
77784
77780
77775
77761
77760
77746
77735
77717
77711
77710
77684
77678
77648
77636
77635
77628
77620
77611
77598
77593
77549
77545
77512
77504
77498
77471
77456
77442
77434
77418
77404
77402
77401
77377
77367
77365
77364
77312
77273
77258
77251
77248
77226
77223
77184
77181
77174
77160
77116
77097
77097
77093
77081
77061
77013
76974
76925
76918
76914
76906
76905
76899
76881
76880
76872
76859
76838
76834
76816
76799
76795
76772
76737
76735
76723
76720
76711
76704
76689
76681
76675
76656
76652
76643
76632
76617
76612
76577
76560
76560
76552
76548
76538
76517
76485
76472
76444
76345
76328
76320
76249
76244
76231
76226
76224
76193
76167
76155
76153
76134
76129
76102
76092
76089
76073
76056
75982
75946
75942
75931
75930
75915
75879
75870
75850
75849
75834
75796
75781
75776
75754
75738
75737
75732
75726
75674
75644
75612
75604
75593
75591
75577
75566
75554
75553
75547
75532
75525
75519
75501
75454
75451
75440
75432
75427
75425
75418
75384
75384
75373
75354
75330
75329
75309
75308
75294
75263
75241
75226
75214
75204
75204
75176
75166
75154
75145
75074
75072
75067
75066
75031
75028
74995
74983
74972
74888
74878
74857
74853
74840
74822
74819
74778
74772
74759
74724
74720
74718
74673
74666
74654
74628
74625
74624
74587
74572
74570
74547
74517
74513
74503
74491
74487
74473
74470
74467
74464
74462
74426
74417
74415
74406
74398
74384
74379
74355
74316
74309
74254
74254
74222
74220
74211
74187
74185
74178
74175
74170
74163
74122
74121
74112
74109
74102
74100
74097
74093
74063
74056
74048
74038
74008
73988
73975
73961
73878
73875
73872
73871
73850
73850
73842
73834
73821
73815
73813
73810
73797
73788
73780
73776
73776
73766
73748
73664
73658
73656
73646
73621
73600
73588
73584
73579
73554
73536
73523
73512
73501
73499
73491
73490
73485
73485
73484
73419
73418
73413
73376
73366
73342
73327
73278
73276
73264
73247
73243
73220
73192
73167
73166
73146
73145
73113
73107
73105
73098
73091
73082
73038
73005
73004
72987
72964
72961
72958
72940
72939
72930
72930
72918
72852
72838
72805
72800
72789
72781
72764
72722
72716
72708
72696
72670
72668
72646
72625
72611
72586
72562
72560
72557
72555
72549
72532
72520
72507
72475
72460
72460
72458
72457
72447
72446
72377
72347
72338
72330
72324
72303
72264
72262
72255
72255
72246
72238
72237
72236
72235
72228
72207
72189
72178
72167
72167
72135
72124
72113
72095
72090
72089
72075
72073
72064
72057
72057
72044
72020
71994
71972
71970
71948
71935
71914
71899
71852
71846
71826
71825
71820
71807
71782
71771
71738
71731
71719
71713
71706
71693
71683
71680
71678
71664
71663
71656
71628
71610
71584
71564
71532
71494
71484
71480
71476
71472
71472
71458
71408
71365
71362
71359
71342
71326
71320
71313
71305
71303
71303
71302
71292
71277
71270
71255
71254
71241
71215
71207
71200
71192
71187
71180
71178
71172
71172
71162
71154
71144
71106
71100
71085
71078
71060
71044
71024
71002
71001
70998
70992
70973
70958
70958
70950
70948
70947
70910
70909
70890
70890
70884
70878
70841
70834
70830
70819
70785
70770
70758
70754
70754
70750
70734
70727
70697
70689
70680
70626
70620
70608
70607
70587
70582
70578
70566
70563
70554
70530
70516
70501
70501
70490
70483
70473
70473
70472
70467
70453
70428
70415
70408
70401
70394
70394
70375
70367
70354
70349
70344
70330
70320
70316
70303
70294
70274
70268
70249
70243
70227
70226
70223
70180
70179
70170
70168
70167
70152
70144
70136
70126
70118
70110
70100
70087
70078
70072
70071
70051
70048
70014
69958
69945
69934
69906
69898
69886
69845
69840
69834
69830
69830
69828
69819
69818
69810
69798
69798
69764
69754
69753
69752
69748
69732
69727
69716
69688
69672
69667
69644
69639
69621
69596
69596
69583
69554
69528
69528
69525
69509
69489
69488
69474
69472
69462
69434
69434
69415
69383
69372
69356
69349
69336
69302
69284
69264
69248
69238
69235
69223
69204
69200
69195
69138
69134
69127
69126
69108
69102
69101
69098
69086
69084
69060
69050
69048
69008
69001
68996
68994
68991
68971
68971
68920
68914
68911
68907
68902
68878
68865
68851
68821
68812
68811
68808
68795
68790
68774
68770
68747
68740
68732
68718
68715
68698
68690
68687
68684
68684
68669
68659
68648
68645
68634
68634
68607
68568
68567
68567
68547
68534
68531
68503
68501
68500
68469
68451
68440
68435
68430
68423
68375
68362
68344
68321
68288
68280
68272
68259
68251
68234
68229
68222
68205
68205
68200
68200
68198
68195
68184
68178
68172
68161
68152
68150
68142
68120
68113
68110
68104
68088
68078
68074
68070
68067
68060
68050
68034
68030
68027
67999
67995
67989
67974
67962
67936
67871
67857
67853
67848
67847
67836
67835
67834
67829
67826
67803
67801
67769
67763
67760
67758
67711
67708
67706
67693
67692
67682
67674
67664
67648
67641
67608
67544
67541
67536
67529
67519
67500
67498
67480
67479
67470
67418
67410
67398
67383
67377
67375
67354
67349
67348
67345
67332
67307
67307
67263
67258
67252
67250
67240
67230
67217
67210
67195
67194
67193
67192
67167
67163
67163
67158
67155
67146
67121
67111
67105
67104
67102
67090
67085
67082
67067
67036
66989
66988
66978
66966
66962
66958
66958
66911
66897
66881
66881
66872
66858
66850
66845
66839
66822
66805
66788
66776
66773
66773
66766
66764
66749
66724
66695
66690
66661
66659
66633
66607
66605
66605
66592
66561
66556
66554
66553
66544
66534
66533
66529
66529
66522
66518
66517
66512
66511
66507
66493
66493
66489
66485
66485
66468
66465
66462
66454
66445
66425
66417
66413
66407
66389
66365
66365
66359
66355
66346
66332
66331
66330
66328
66325
66317
66306
66290
66287
66283
66280
66278
66276
66262
66230
66215
66215
66214
66204
66197
66185
66183
66177
66165
66164
66128
66114
66078
66078
66045
66038
66034
66027
66009
65996
65996
65991
65989
65984
65973
65969
65960
65935
65934
65925
65923
65922
65913
65897
65890
65874
65857
65838
65833
65829
65819
65819
65804
65802
65799
65792
65786
65764
65757
65730
65728
65713
65702
65693
65684
65680
65666
65663
65657
65628
65608
65606
65604
65596
65576
65570
65559
65546
65543
65504
65504
65503
65480
65479
65475
65426
65421
65409
65399
65384
65366
65349
65333
65307
65295
65286
65272
65266
65260
65238
65238
65237
65232
65220
65188
65180
65176
65174
65168
65139
65128
65099
65099
65091
65090
65048
65040
65024
65024
65024
65023
65020
64989
64984
64983
64971
64939
64902
64901
64898
64888
64875
64874
64874
64862
64845
64840
64834
64833
64818
64809
64758
64753
64746
64740
64737
64735
64734
64722
64710
64705
64692
64689
64683
64670
64664
64663
64661
64660
64647
64636
64634
64634
64631
64624
64589
64582
64579
64567
64564
64564
64560
64548
64524
64520
64516
64503
64502
64494
64494
64481
64477
64462
64457
64452
64450
64447
64447
64445
64444
64440
64413
64412
64375
64372
64364
64357
64355
64322
64296
64276
64267
64255
64252
64252
64226
64216
64205
64196
64192
64172
64172
64132
64124
64118
64108
64095
64094
64039
64030
64022
64009
64004
64004
63986
63984
63982
63970
63970
63961
63944
63942
63938
63938
63916
63898
63878
63874
63872
63866
63864
63850
63832
63819
63801
63797
63788
63765
63758
63744
63732
63728
63701
63667
63649
63644
63616
63615
63612
63599
63588
63585
63571
63556
63554
63554
63549
63528
63524
63511
63502
63500
63480
63480
63473
63416
63390
63371
63364
63339
63335
63328
63324
63321
63297
63285
63280
63274
63259
63250
63243
63238
63220
63218
63212
63210
63207
63188
63159
63156
63156
63151
63142
63139
63122
63103
63100
63078
63042
63038
63020
62998
62992
62984
62975
62968
62963
62962
62943
62941
62928
62926
62922
62917
62914
62905
62905
62898
62892
62868
62864
62850
62845
62806
62791
62788
62765
62758
62720
62708
62681
62664
62645
62641
62627
62610
62596
62586
62571
62570
62568
62551
62543
62542
62540
62538
62523
62517
62515
62502
62498
62474
62461
62450
62431
62429
62423
62408
62379
62376
62367
62316
62310
62304
62287
62284
62282
62281
62278
62252
62240
62223
62223
62214
62206
62189
62182
62175
62165
62164
62160
62156
62144
62143
62119
62114
62109
62106
62082
62078
62072
62068
62057
62049
62031
62018
62016
62010
62006
62001
61983
61981
61980
61979
61974
61966
61959
61956
61940
61882
61877
61859
61851
61850
61844
61836
61834
61820
61804
61803
61776
61757
61755
61748
61724
61712
61706
61705
61699
61688
61680
61670
61669
61650
61638
61638
61637
61637
61625
61618
61597
61574
61543
61543
61532
61518
61507
61504
61499
61494
61472
61456
61450
61446
61443
61442
61435
61418
61398
61397
61394
61392
61364
61361
61324
61290
61286
61284
61281
61273
61262
61260
61235
61211
61199
61194
61191
61184
61174
61168
61156
61142
61121
61120
61112
61104
61098
61093
61088
61081
61074
61071
61064
61052
61041
61038
61028
61022
61010
61009
61005
61005
61001
60988
60954
60954
60937
60937
60935
60917
60909
60894
60893
60880
60875
60853
60833
60828
60825
60818
60810
60803
60802
60797
60792
60763
60760
60754
60742
60724
60718
60678
60666
60661
60648
60630
60627
60626
60622
60611
60598
60583
60582
60570
60554
60550
60522
60517
60514
60510
60510
60501
60483
60456
60455
60454
60428
60424
60416
60414
60407
60405
60405
60366
60364
60359
60348
60344
60335
60332
60331
60317
60311
60290
60282
60273
60260
60256
60251
60248
60242
60240
60223
60180
60176
60165
60146
60133
60110
60092
60076
60065
60030
60018
60016
59991
59962
59943
59942
59941
59934
59924
59921
59911
59908
59907
59906
59896
59894
59881
59876
59854
59850
59840
59828
59825
59820
59819
59810
59810
59798
59783
59773
59772
59744
59738
59738
59733
59732
59727
59724
59723
59720
59719
59714
59713
59706
59706
59706
59692
59678
59678
59674
59673
59671
59668
59658
59645
59640
59635
59624
59622
59610
59605
59593
59592
59571
59569
59547
59546
59529
59524
59522
59469
59456
59446
59446
59430
59428
59419
59402
59380
59365
59333
59327
59327
59296
59291
59290
59288
59283
59281
59260
59252
59244
59243
59229
59228
59210
59204
59202
59201
59198
59174
59167
59142
59109
59105
59069
59046
59037
59019
59010
59007
58995
58989
58974
58942
58915
58890
58886
58878
58874
58869
58867
58863
58858
58857
58846
58845
58831
58814
58798
58788
58782
58772
58745
58726
58718
58710
58698
58686
58679
58675
58662
58656
58654
58648
58642
58636
58616
58615
58612
58598
58592
58587
58578
58564
58557
58540
58526
58521
58498
58462
58445
58432
58422
58422
58417
58413
58402
58394
58392
58390
58360
58356
58322
58321
58308
58306
58303
58302
58298
58291
58288
58262
58256
58253
58250
58243
58242
58240
58227
58227
58219
58218
58215
58174
58165
58159
58129
58111
58110
58106
58098
58081
58067
58045
58035
58020
58016
58000
58000
57997
57996
57981
57962
57951
57951
57942
57924
57923
57897
57887
57886
57866
57856
57840
57821
57814
57810
57805
57802
57800
57786
57785
57775
57774
57771
57762
57759
57758
57733
57712
57696
57682
57681
57676
57650
57645
57644
57642
57624
57618
57618
57604
57603
57598
57597
57584
57563
57562
57559
57558
57557
57553
57546
57536
57530
57530
57520
57514
57506
57505
57490
57487
57467
57451
57436
57347
57344
57336
57329
57321
57317
57316
57308
57290
57288
57283
57279
57260
57251
57247
57244
57238
57236
57206
57171
57146
57141
57131
57121
57112
57108
57107
57099
57091
57086
57066
57045
56997
56990
56979
56966
56954
56952
56950
56944
56943
56933
56922
56910
56904
56893
56892
56884
56881
56880
56861
56848
56846
56844
56829
56820
56791
56773
56771
56749
56742
56736
56712
56702
56697
56695
56694
56672
56670
56653
56643
56638
56634
56623
56618
56618
56612
56558
56527
56524
56524
56524
56523
56510
56502
56490
56442
56439
56435
56423
56422
56414
56413
56407
56403
56402
56401
56392
56386
56372
56363
56361
56357
56352
56352
56345
56344
56336
56330
56330
56326
56324
56322
56320
56301
56298
56296
56288
56288
56277
56258
56243
56224
56200
56195
56188
56182
56181
56174
56169
56142
56138
56084
56046
56044
56036
56025
56020
56017
56012
56010
55983
55974
55960
55941
55926
55923
55918
55916
55903
55899
55886
55872
55864
55856
55845
55819
55786
55768
55765
55764
55751
55744
55733
55729
55728
55710
55696
55695
55694
55690
55685
55674
55657
55648
55642
55641
55641
55638
55632
55624
55622
55616
55614
55614
55603
55601
55582
55566
55565
55545
55532
55526
55526
55526
55521
55520
55517
55514
55511
55497
55496
55481
55464
55453
55446
55439
55414
55382
55375
55373
55342
55339
55329
55324
55302
55269
55264
55243
55240
55233
55226
55226
55217
55206
55204
55202
55199
55189
55173
55172
55160
55125
55114
55111
55096
55092
55079
55072
55052
55029
55023
54996
54982
54981
54979
54970
54951
54950
54949
54947
54938
54938
54900
54896
54887
54886
54872
54868
54868
54865
54827
54823
54807
54781
54779
54772
54768
54767
54762
54755
54755
54738
54722
54668
54668
54665
54665
54655
54607
54606
54602
54578
54564
54538
54530
54529
54528
54528
54519
54511
54486
54486
54481
54468
54463
54440
54426
54424
54417
54413
54410
54408
54386
54368
54362
54354
54349
54339
54337
54313
54298
54296
54294
54293
54292
54290
54281
54276
54270
54260
54253
54250
54248
54217
54216
54208
54203
54199
54192
54184
54184
54181
54178
54171
54168
54151
54150
54144
54140
54125
54115
54114
54113
54101
54089
54084
54077
54075
54073
54066
54056
54040
54040
54035
54018
54016
54004
54002
54000
53999
53984
53979
53958
53953
53945
53943
53942
53932
53929
53928
53921
53913
53893
53887
53879
53876
53866
53848
53847
53846
53844
53841
53818
53818
53809
53804
53803
53797
53762
53756
53739
